40.0207 40.0053 2.23346e-17
40.0636 39.9304 0.00182467
39.9751 39.7169 0.00184394
39.9392 39.662 0.00224155
39.9661 39.6731 0.00228101
39.9802 39.642 0.00250926
39.9971 39.5762 0.00335346
39.9647 39.6252 0.00325695
39.9715 39.5521 0.0038987
39.9549 39.5775 0.00388944
39.9608 39.5701 0.00402274
39.9485 39.5308 0.00411763
40.0023 39.5311 0.0041092
40.2157 39.5145 0.00231718
40.5347 39.5056 0.00351367
40.9346 39.4589 0.00500641
41.4277 39.4105 0.00257126
41.9825 39.3609 0.000131655
42.5976 39.3257 0.00295827
42.9723 39.3164 -0.00264965
43.566 39.2899 -0.00377361
44.3365 39.2826 -0.00448674
45.1247 39.308 -0.00396958
45.8939 39.294 -0.00537369
46.6449 39.2803 0.00284566
47.4966 39.2751 0.00690675
48.2578 39.2841 -0.000659636
49.1341 39.2667 0.000781754
49.8246 39.2647 0.00908657
50.576 39.2831 0.0134758
51.4658 39.2992 0.0215936
52.222 39.3139 0.0228848
53.0223 39.3248 0.0239155
53.8111 39.3404 0.0213397
54.6929 39.3736 0.0226341
55.4436 39.3921 0.0200828
56.1826 39.4012 0.0120243
56.9612 39.4257 0.0197247
57.7507 39.4428 0.0226622
58.5555 39.4667 0.0204573
59.4772 39.4853 0.020538
60.2658 39.5196 0.0168285
61.179 39.5385 0.0127419
61.9438 39.5489 0.0119551
62.7498 39.5668 0.00710553
63.4939 39.5667 0.00498883
64.238 39.5774 0.00635396
65.0297 39.5961 0.00968157
65.7758 39.6043 0.0107147
66.4886 39.6098 0.00549867
67.2043 39.6198 0.00729579
67.8869 39.6295 0.0123977
68.6243 39.6364 0.011577
69.2445 39.6433 0.0077011
69.9799 39.6496 0.00644178
70.737 39.6565 0.00734735
71.5183 39.6648 0.00948209
72.311 39.668 0.00892348
73.1302 39.6816 0.0106638
73.8542 39.6847 0.0068116
74.6686 39.6905 0.00791442
75.4793 39.6988 0.0119628
76.2683 39.7098 0.012893
77.1096 39.7218 0.0144925
78.0214 39.7392 0.0190575
78.8342 39.7535 0.0185494
79.6448 39.7684 0.0178962
80.4616 39.7869 0.0235695
81.3453 39.7987 0.0157323
82.1215 39.8144 0.0215223
82.8999 39.831 0.022799
83.6803 39.8477 0.0221613
84.467 39.866 0.0228337
85.2607 39.8862 0.0245648
86.0413 39.9057 0.0247662
86.9001 39.928 0.0264789
87.694 39.947 0.0235908
88.4719 39.9652 0.0213147
89.2078 39.9707 0.014744
89.9439 39.9796 0.0118667
90.6814 39.9915 0.0123873
91.4164 40.0001 0.00795687
92.1809 40.0041 0.00400797
92.87 40.0069 0.00168626
93.5548 40.0072 0.00177839
94.2488 40.0099 0.00291876
95.0441 40.0114 0.000983422
95.818 40.0134 0.00177276
96.5334 40.013 0.00186336
97.1681 40.0168 0.00582506
97.9279 40.0212 0.00606292
98.6796 40.0244 0.00295518
99.4499 40.0288 0.00465181
100.19 40.0358 0.0101135
100.932 40.041 0.0091383
101.628 40.0472 0.00977448
102.119 40.0504 0.012078
102.453 40.0535 0.0170955
102.616 40.0542 0.026833
102.72 40.054 0.0492631
102.754 40.0593 0.0827354
102.862 40.0683 0.123021
102.913 40.0778 0.180836
103.037 40.0993 0.244374
103.164 40.1264 0.310275
103.157 40.1373 0.370305
103.081 40.1311 0.428602
103.271 40.201 0.493304
103.348 40.2413 0.545636
103.411 40.2808 0.601253
103.533 40.3539 0.652792
103.52 40.3614 0.704221
103.645 40.4429 0.760778
103.697 40.457 0.814255
103.817 40.5421 0.872696
103.816 40.5095 0.91626
103.841 40.5068 0.961254
103.841 40.4665 1.00554
103.755 40.3146 1.06457
103.767 40.2737 1.11926
103.733 40.184 1.17394
103.726 40.1109 1.23345
103.757 40.1176 1.29856
103.754 40.0805 1.34615
103.757 40.0387 1.39763
103.775 40.0374 1.43125
103.785 40.0371 1.44335
103.79 40.0726 1.44899
103.826 40.3901 1.45501
103.904 40.9484 1.46123
103.985 41.6857 1.45956
104.078 42.4799 1.45879
104.17 43.2869 1.45782
104.266 44.0777 1.45945
104.357 44.8592 1.45849
104.46 45.7062 1.45411
104.563 46.4804 1.45654
104.661 47.2292 1.45743
104.761 47.9535 1.45826
104.857 48.6574 1.45978
104.947 49.3424 1.46168
105.038 50.0226 1.46145
105.131 50.7016 1.46347
105.218 51.4002 1.46173
105.305 52.0571 1.46637
105.389 52.7399 1.46939
105.489 53.4822 1.47477
105.564 54.1771 1.47645
105.651 54.8754 1.47727
105.731 55.5957 1.47629
105.816 56.3927 1.47298
105.893 57.1028 1.47419
105.978 57.8668 1.47564
106.06 58.5152 1.47519
106.145 59.2446 1.47433
106.235 60.0448 1.47114
106.322 60.7689 1.46714
106.413 61.5196 1.46699
106.512 62.3256 1.46118
106.604 63.0474 1.45859
106.698 63.7767 1.46229
106.788 64.4945 1.46098
106.879 65.2224 1.45942
106.975 65.9371 1.45887
107.067 66.6803 1.45797
107.159 67.3959 1.4595
107.263 68.1518 1.45989
107.356 68.9084 1.45813
107.449 69.6366 1.45844
107.542 70.3744 1.45834
107.648 71.1197 1.45505
107.752 71.9002 1.45219
107.869 72.7085 1.45126
107.985 73.4725 1.45063
108.095 74.2461 1.44994
108.199 75.0354 1.45308
108.293 75.7714 1.45246
108.4 76.612 1.45421
108.5 77.3715 1.45561
108.585 78.0329 1.46032
108.689 78.8369 1.45895
108.786 79.6355 1.45987
108.881 80.3798 1.46212
108.983 81.185 1.46621
109.077 81.9643 1.46566
109.171 82.727 1.4642
109.268 83.4514 1.46547
109.329 83.8712 1.46778
109.362 84.0502 1.47051
109.374 84.0783 1.46898
109.382 84.1032 1.45082
109.398 84.1285 1.42979
109.412 84.1463 1.41524
109.427 84.1749 1.41051
109.44 84.2141 1.4063
109.505 84.5418 1.40021
109.635 85.2164 1.39481
109.799 86.0958 1.39489
109.97 87.0171 1.3928
110.155 87.9957 1.39512
110.326 88.9325 1.39225
110.493 89.8063 1.39529
110.655 90.688 1.39386
110.813 91.5044 1.39143
110.973 92.3098 1.39199
111.125 93.0975 1.39005
111.264 93.8365 1.39008
111.4 94.5509 1.38909
111.543 95.2883 1.38931
111.68 96.0131 1.38825
111.845 96.824 1.38468
111.999 97.6178 1.38267
112.13 98.3203 1.38404
112.275 99.0775 1.37898
112.429 99.816 1.37769
112.583 100.543 1.37977
112.741 101.324 1.38031
112.886 102.054 1.38341
113.031 102.801 1.38283
113.171 103.505 1.38311
113.321 104.262 1.38361
113.476 105.046 1.38476
113.619 105.778 1.38797
113.759 106.513 1.39231
113.896 107.233 1.39353
114.039 107.988 1.39554
114.175 108.739 1.39682
114.313 109.501 1.39846
114.456 110.283 1.39713
114.588 111.018 1.39852
114.722 111.747 1.39744
114.863 112.503 1.39526
114.996 113.252 1.39674
115.131 114.003 1.39583
115.27 114.758 1.39836
115.408 115.512 1.39688
115.547 116.269 1.39479
115.684 117.012 1.39278
115.823 117.745 1.3899
115.974 118.515 1.3871
116.115 119.254 1.38663
116.26 120.002 1.38614
116.404 120.731 1.38434
116.539 121.438 1.38356
116.683 122.168 1.38418
116.835 122.925 1.38158
116.994 123.694 1.38046
117.111 124.263 1.38062
117.175 124.568 1.37824
117.208 124.702 1.37692
117.22 124.725 1.38567
117.245 124.796 1.40715
117.261 124.842 1.44438
117.281 124.916 1.49137
117.296 124.978 1.53408
117.317 125.068 1.55075
117.332 125.269 1.56132
117.343 125.832 1.57173
117.342 126.642 1.57687
117.336 127.541 1.57987
117.334 128.578 1.57899
117.33 129.555 1.58052
117.323 130.533 1.58594
117.316 131.497 1.58589
117.315 132.32 1.58472
117.313 132.973 1.58319
117.31 133.72 1.58449
117.312 134.467 1.58392
117.308 135.193 1.58667
117.307 135.876 1.5864
117.307 136.585 1.584
117.311 137.245 1.58657
117.311 137.954 1.58648
117.305 138.702 1.5893
117.301 139.44 1.59092
117.296 140.246 1.59047
117.289 141.034 1.59272
117.282 141.808 1.59148
117.279 142.553 1.59085
117.276 143.322 1.59067
117.273 144.039 1.58644
117.276 144.576 1.58559
117.284 144.818 1.59163
117.293 144.9 1.594
117.303 144.921 1.59426
117.314 144.947 1.59494
117.323 144.963 1.59667
117.338 144.973 1.61627
117.346 145.013 1.64976
117.356 145.048 1.69728
117.363 145.09 1.75248
117.367 145.156 1.81589
117.368 145.244 1.87467
117.372 145.298 1.93453
117.373 145.368 1.99098
117.382 145.403 2.05199
117.397 145.398 2.10486
117.4 145.419 2.16467
117.404 145.424 2.21702
117.428 145.403 2.27336
117.44 145.396 2.32781
117.454 145.398 2.3855
117.467 145.403 2.44284
117.481 145.398 2.49725
117.486 145.378 2.54923
117.503 145.352 2.60483
117.409 145.42 2.66178
117.39 145.451 2.70982
117.406 145.455 2.76958
117.396 145.473 2.82469
117.43 145.472 2.8788
117.496 145.463 2.93252
117.611 145.434 2.98609
117.682 145.429 3.04402
117.732 145.432 3.10256
117.773 145.435 3.15267
117.774 145.451 3.21028
117.791 145.473 3.26397
117.853 145.499 3.32027
117.893 145.527 3.37504
117.969 145.555 3.43064
118.043 145.588 3.48315
118.221 145.632 3.53278
118.271 145.642 3.57087
118.219 145.631 3.58614
117.966 145.501 3.59388
117.537 145.268 3.59599
116.946 144.951 3.59756
116.287 144.609 3.59386
115.497 144.216 3.59621
114.666 143.807 3.59826
113.849 143.402 3.59919
113.075 143.02 3.5968
112.291 142.635 3.59871
111.539 142.27 3.59795
110.718 141.894 3.59887
109.917 141.502 3.60227
109.155 141.127 3.60325
108.374 140.752 3.60287
107.607 140.375 3.60418
106.815 139.993 3.60603
106.052 139.636 3.6123
105.239 139.226 3.61696
104.57 138.878 3.61712
103.682 138.438 3.6267
102.969 138.067 3.62928
102.231 137.689 3.6332
101.552 137.333 3.63433
100.808 136.942 3.63845
100.091 136.559 3.64004
99.463 136.224 3.64198
98.8138 135.882 3.64557
98.1979 135.543 3.65006
97.5795 135.209 3.65153
96.952 134.861 3.65382
96.2373 134.464 3.65781
95.6424 134.124 3.65407
95.0297 133.787 3.65094
94.3124 133.375 3.65307
93.6519 133.022 3.65519
92.9886 132.647 3.65278
92.3154 132.277 3.64909
91.6491 131.912 3.64523
90.9109 131.519 3.64355
90.2082 131.141 3.64171
89.5229 130.769 3.64036
88.8912 130.427 3.63851
88.303 130.107 3.63387
87.6088 129.716 3.63513
86.9582 129.375 3.63624
86.2985 129.025 3.63524
85.6191 128.663 3.63539
84.9014 128.282 3.63514
84.2182 127.917 3.63485
83.5228 127.547 3.63309
82.8539 127.191 3.63251
82.214 126.862 3.63116
81.5052 126.495 3.63266
80.8001 126.126 3.63587
80.039 125.702 3.64003
79.3222 125.311 3.64407
78.5641 124.9 3.64483
77.8536 124.517 3.64506
77.1046 124.091 3.64908
76.3932 123.702 3.65004
75.6657 123.284 3.65193
75.02 122.92 3.65281
74.3773 122.569 3.65535
73.6436 122.144 3.65981
72.9349 121.727 3.65959
72.1423 121.282 3.66459
71.508 120.922 3.66181
70.8152 120.512 3.66235
70.2134 120.169 3.65849
69.5618 119.789 3.6579
68.8805 119.391 3.65112
68.298 119.072 3.64605
67.6235 118.686 3.64705
66.9934 118.346 3.64246
66.319 117.963 3.6393
65.6682 117.611 3.63629
65.0205 117.267 3.63156
64.2577 116.841 3.63116
63.6441 116.518 3.62668
63.1201 116.235 3.62076
62.8178 116.07 3.61889
62.6892 115.996 3.63169
62.6227 115.953 3.65121
62.7083 116.003 3.68699
62.8424 116.081 3.73098
62.8411 116.075 3.77084
62.8152 116.068 3.78569
62.5214 115.845 3.79442
62.0213 115.451 3.79879
61.37 114.927 3.79797
60.701 114.406 3.79893
59.9406 113.809 3.79409
59.1841 113.225 3.79709
58.3916 112.606 3.80057
57.6 111.986 3.80098
56.7586 111.336 3.80381
55.9703 110.726 3.8078
55.2701 110.166 3.80501
54.6011 109.643 3.80851
53.9212 109.101 3.80984
53.2964 108.592 3.81026
52.7178 108.135 3.81197
52.0936 107.639 3.8142
51.4547 107.113 3.81364
50.8736 106.648 3.81804
50.2687 106.143 3.8267
49.7499 105.718 3.82097
49.2094 105.281 3.82212
48.5534 104.752 3.81926
47.9217 104.23 3.82056
47.4043 103.81 3.81944
46.9152 103.401 3.82452
46.4157 102.992 3.82173
45.8788 102.561 3.81488
45.428 102.221 3.81105
44.8361 101.758 3.80679
44.2028 101.241 3.80876
43.4906 100.691 3.80664
42.8068 100.164 3.80548
42.1804 99.6505 3.80226
41.6111 99.2121 3.80014
41.1041 98.8336 3.80003
40.7389 98.5518 3.7993
40.4762 98.3527 3.80248
40.369 98.2517 3.81626
40.1858 98.1007 3.84233
40.087 98.0108 3.8947
39.9841 97.9182 3.94952
39.893 97.8322 4.01071
39.9879 97.94 4.07001
40.0126 97.9591 4.12919
40.0229 98.0163 4.18504
40.0819 98.1077 4.25534
40.1087 98.1625 4.31741
40.0087 97.983 4.37646
39.9031 97.7642 4.43593
39.8742 97.7324 4.48547
39.7797 97.6174 4.54359
39.7664 97.5777 4.59621
39.6933 97.3501 4.64845
39.592 96.8763 4.70727
39.6324 97.1478 4.75791
39.6241 96.9543 4.7923
39.6758 96.9677 4.80162
39.7447 96.6668 4.80895
39.8232 96.2991 4.80637
39.9029 95.5221 4.80879
39.983 94.8911 4.80879
40.0551 94.2662 4.80521
40.1438 93.1968 4.80721
40.245 92.0141 4.80957
40.3611 90.6655 4.8134
40.433 90.019 4.81231
40.5149 89.2989 4.81608
40.5959 88.2569 4.81567
40.6746 87.5322 4.81656
40.7303 86.9948 4.8097
40.7835 86.0569 4.81553
40.873 85.2605 4.82156
40.9681 84.4307 4.81899
41.0503 83.5815 4.81584
41.1456 82.7205 4.82188
41.2032 82.2389 4.81634
41.2786 81.5563 4.82236
41.3329 81.0471 4.82031
41.3988 80.3023 4.81852
41.4746 79.5641 4.82394
41.5428 78.546 4.82837
41.6375 77.4669 4.8319
41.7481 76.4738 4.83156
41.8541 75.6405 4.83623
41.9685 74.6929 4.84124
42.0322 73.9928 4.84266
42.1388 73.0782 4.84247
42.2592 72.0839 4.84258
42.3935 71.0574 4.8469
42.4486 70.6887 4.84344
42.5516 69.8743 4.84941
42.6337 69.1817 4.85405
42.8266 67.9316 4.85831
42.8978 67.5036 4.86323
43.0249 66.6178 4.86378
43.1095 66.0288 4.86219
43.1635 65.6553 4.86344
43.1526 65.658 4.86654
43.1741 65.4924 4.86051
43.17 65.5351 4.83415
43.1758 65.4841 4.80888
43.1825 65.3478 4.79753
43.1587 65.4773 4.79453
43.1588 65.3949 4.7931
43.1547 65.3201 4.79124
43.1678 65.048 4.78465
43.1891 64.6812 4.77845
43.2128 64.0518 4.76933
43.2503 63.1652 4.76064
43.2841 62.2166 4.74642
43.2957 61.4479 4.7446
43.2968 60.9365 4.73971
43.2973 60.3237 4.73124
43.3038 59.4926 4.729
43.3106 58.5043 4.72466
43.32 57.5903 4.72326
43.3207 57.047 4.72499
43.3146 56.5641 4.72689
43.3177 55.7107 4.72554
43.3175 55.0357 4.72431
43.3265 54.0157 4.72892
43.3292 53.0543 4.73159
43.3373 52.1896 4.73404
43.3546 51.2876 4.74062
43.3718 50.4293 4.74026
43.3853 49.7246 4.74359
43.3877 49.2438 4.73785
43.3897 48.5202 4.73936
43.4099 47.5772 4.74579
43.4315 46.6462 4.74469
43.4401 45.9959 4.7478
43.4614 45.1808 4.75059
43.4755 44.4316 4.74969
43.487 43.7659 4.75212
43.5008 43.0852 4.75211
43.5334 42.066 4.75791
43.5531 41.4123 4.7576
43.5711 40.73 4.75748
43.5921 39.9404 4.75635
43.6137 39.2157 4.75212
43.613 38.815 4.75394
43.6011 38.7782 4.75224
43.5905 38.6626 4.75448
43.5845 38.6772 4.75571
43.5776 38.6364 4.75588
43.5655 38.6769 4.75581
43.5584 38.647 4.75611
43.5491 38.6007 4.75691
43.535 38.6562 4.75652
43.5315 38.5825 4.75663
43.5253 38.5753 4.75674
43.5194 38.5282 4.75724
43.5112 38.5334 4.7572
43.5032 38.5325 4.75744
43.4968 38.5581 4.75749
43.4882 38.5568 4.75738
43.4851 38.4998 4.76563
43.4762 38.5267 4.78769
43.4663 38.5902 4.82448
43.454 38.6402 4.87128
43.4391 38.6891 4.92216
43.4221 38.7312 4.97798
43.4037 38.7769 5.03249
43.4594 38.4783 5.09167
43.4127 38.6073 5.15299
43.4255 38.5492 5.20555
43.4086 38.5687 5.26605
43.4081 38.5667 5.32385
43.2762 38.802 5.38141
43.2671 38.8104 5.44045
43.3207 38.7316 5.49773
43.3026 38.7513 5.54357
43.2652 38.7884 5.60049
43.1963 38.8623 5.65834
43.1356 38.9094 5.71006
42.8006 39.1743 5.76666
42.7199 39.2466 5.82344
42.6072 39.335 5.88712
42.453 39.397 5.93684
42.2606 39.5024 5.9936
42.2784 39.487 6.052
42.2718 39.4924 6.11247
42.1616 39.5368 6.16585
42.1159 39.5286 6.22347
42.0653 39.5372 6.26829
42.0464 39.5627 6.32576
41.871 39.5872 6.38234
41.8941 39.5685 6.43791
41.8946 39.5972 6.49432
41.7465 39.5995 6.53841
41.8178 39.6277 6.56341
41.8438 39.6533 6.57075
41.8886 39.6602 6.57411
41.8665 39.6513 6.57617
41.9134 39.6735 6.57783
41.9938 39.6722 6.57933
42.0313 39.681 6.58009
42.0081 39.6962 6.58051
42.0476 39.7005 6.58082
42.0097 39.7122 6.57985
42.0717 39.7164 6.57991
42.47 39.8194 6.5817
42.9738 39.9902 6.57741
43.6727 40.2061 6.5834
44.3932 40.4049 6.57905
45.0593 40.6004 6.5751
45.7772 40.8193 6.58059
46.5655 41.0236 6.57474
47.3356 41.2715 6.58118
48.1705 41.5117 6.58391
48.8713 41.7287 6.58346
49.5608 41.9545 6.58131
50.2632 42.1663 6.58004
51.0084 42.3972 6.58652
51.6874 42.6097 6.58619
52.4472 42.8476 6.58728
53.072 43.0472 6.58447
53.8516 43.2875 6.58295
54.3832 43.4507 6.58055
55.3032 43.7351 6.58549
56.0558 43.9669 6.58838
56.9624 44.2454 6.58441
57.6469 44.4608 6.58559
58.4009 44.6934 6.58021
59.149 44.9267 6.58175
59.7725 45.1243 6.57862
60.498 45.3564 6.58221
61.303 45.6044 6.58874
62.0764 45.8479 6.5924
62.927 46.1247 6.59312
63.6279 46.3419 6.59133
64.5158 46.626 6.59535
65.2879 46.8826 6.59669
66.0205 47.124 6.59771
66.8454 47.3982 6.604
67.6272 47.6625 6.60703
68.3812 47.9163 6.60747
69.1401 48.1819 6.61003
69.8465 48.42 6.60684
70.6725 48.6968 6.60856
71.2556 48.8906 6.60412
72.1153 49.1768 6.60454
72.8463 49.4193 6.60067
73.6292 49.6779 6.6025
74.2373 49.8753 6.59685
74.9041 50.0912 6.59524
75.5768 50.3066 6.59302
76.3807 50.5661 6.59301
77.1106 50.7992 6.5914
77.8491 51.034 6.59236
78.5411 51.251 6.58853
79.294 51.4864 6.58654
79.9995 51.706 6.58469
80.7616 51.9443 6.58486
81.5141 52.177 6.58022
82.2457 52.4007 6.57665
82.9368 52.6083 6.57507
83.7537 52.8548 6.57622
84.5045 53.0795 6.57368
85.3027 53.3183 6.57566
86.0173 53.5334 6.57794
86.8678 53.7907 6.57969
87.6171 54.0203 6.58112
88.3935 54.2577 6.57912
89.1517 54.4864 6.57648
89.9632 54.734 6.58018
90.6274 54.9377 6.58264
91.0487 55.0655 6.58117
91.3553 55.1543 6.59194
91.5206 55.2021 6.60958
91.6642 55.2487 6.64045
91.8943 55.336 6.68466
92.0059 55.3809 6.72967
92.1009 55.4223 6.78581
92.2205 55.4763 6.85083
92.4101 55.576 6.91326
92.5236 55.6376 6.96962
92.6811 55.742 7.02468
92.8071 55.8343 7.0824
92.8304 55.8428 7.13753
92.9251 55.9224 7.1885
92.9387 55.9284 7.24178
92.9847 55.9548 7.29683
92.9995 55.9594 7.353
92.9974 55.9345 7.40959
93.0539 55.997 7.45434
93.0225 55.9422 7.48178
93.0628 56.1024 7.49457
93.2208 56.5748 7.50271
93.4407 57.2209 7.50629
93.7001 57.9777 7.50682
93.9918 58.8184 7.50673
94.2627 59.6148 7.50733
94.5416 60.4091 7.50908
94.8185 61.2039 7.50541
95.11 62.0356 7.50255
95.3833 62.8004 7.50412
95.6829 63.6384 7.50192
95.9462 64.372 7.50291
96.231 65.1325 7.5049
96.5184 65.919 7.50669
96.7803 66.628 7.50768
97.0343 67.3315 7.5107
97.3026 68.0587 7.51754
97.5498 68.7481 7.52266
97.7877 69.436 7.52713
98.0326 70.1559 7.5284
98.2523 70.7766 7.53372
98.452 71.3726 7.53729
98.6799 72.0558 7.53656
98.8764 72.647 7.53584
99.071 73.2669 7.53567
99.3117 73.9642 7.52862
99.556 74.6871 7.52253
99.8312 75.4623 7.51732
100.098 76.2126 7.5182
100.311 76.7863 7.51294
100.563 77.4701 7.51313
100.839 78.2206 7.51109
101.093 78.9095 7.50813
101.359 79.6275 7.50648
101.618 80.3147 7.50174
101.883 81.0358 7.50472
102.143 81.7383 7.50551
102.405 82.449 7.50506
102.674 83.1827 7.50961
102.973 83.9778 7.51108
103.269 84.7727 7.506
103.523 85.4523 7.50583
103.777 86.1427 7.50339
104.053 86.8826 7.50089
104.327 87.616 7.50157
104.617 88.3686 7.49784
104.896 89.1038 7.4959
105.1 89.6406 7.49566
105.243 90.0061 7.49669
105.295 90.138 7.50616
105.333 90.218 7.53185
105.363 90.2744 7.57228
105.393 90.3496 7.60991
105.462 90.5817 7.63176
105.576 91.1035 7.64466
105.725 91.8372 7.65261
105.909 92.7353 7.65446
106.093 93.6536 7.65408
106.299 94.6335 7.65749
106.488 95.5636 7.65769
106.675 96.4945 7.65719
106.843 97.3321 7.65897
107.006 98.1667 7.65913
107.168 98.9747 7.65977
107.294 99.6198 7.66373
107.434 100.347 7.66651
107.574 101.078 7.66816
107.71 101.789 7.66807
107.835 102.468 7.66593
107.961 103.149 7.66488
108.115 103.916 7.65803
108.259 104.611 7.65731
108.413 105.345 7.65621
108.561 106.075 7.65526
108.71 106.797 7.66169
108.867 107.535 7.65756
109.02 108.277 7.65623
109.17 109.023 7.65576
109.321 109.786 7.65828
109.478 110.548 7.65682
109.639 111.325 7.6557
109.786 112.062 7.65552
109.94 112.804 7.65271
110.092 113.547 7.65254
110.256 114.313 7.65092
110.419 115.09 7.65122
110.579 115.854 7.65079
110.74 116.626 7.6521
110.899 117.392 7.65062
111.063 118.16 7.65095
111.224 118.933 7.65371
111.39 119.728 7.65467
111.551 120.52 7.65638
111.706 121.275 7.6583
111.857 122.02 7.65928
112.019 122.781 7.65849
112.147 123.405 7.66001
112.278 124.088 7.66063
112.42 124.793 7.66042
112.56 125.497 7.6604
112.709 126.232 7.66302
112.86 126.962 7.66478
113 127.68 7.66787
113.143 128.438 7.67219
113.287 129.182 7.66924
113.436 129.936 7.66704
113.588 130.688 7.66506
113.744 131.459 7.66262
113.892 132.215 7.66133
114.04 132.99 7.66244
114.196 133.751 7.65864
114.347 134.49 7.65759
114.512 135.265 7.65623
114.678 136.038 7.65571
114.851 136.872 7.65545
115.028 137.696 7.65423
115.192 138.466 7.65478
115.35 139.215 7.65411
115.51 139.96 7.65209
115.668 140.691 7.65148
115.829 141.428 7.65016
115.995 142.18 7.64998
116.16 142.932 7.64895
116.327 143.699 7.65034
116.473 144.352 7.6513
116.562 144.733 7.65263
116.602 144.873 7.65545
116.625 144.939 7.658
116.64 144.963 7.66325
116.658 145.001 7.68289
116.682 145.061 7.71732
116.702 145.134 7.76706
116.726 145.219 7.82278
116.746 145.325 7.88499
116.766 145.428 7.94898
116.785 145.54 8.01136
116.798 145.638 8.07182
116.81 145.716 8.13048
116.816 145.746 8.18015
116.828 145.791 8.23992
116.843 145.788 8.29327
116.859 145.762 8.34381
116.878 145.745 8.39981
116.884 145.752 8.45952
116.899 145.751 8.50986
116.93 145.732 8.56549
116.969 145.72 8.62102
117.043 145.663 8.66888
117.103 145.606 8.72384
117.093 145.659 8.78173
117.145 145.63 8.83523
117.152 145.652 8.89001
117.213 145.629 8.94216
117.249 145.609 8.99298
117.206 145.689 9.05263
117.232 145.692 9.11001
117.27 145.694 9.16435
117.345 145.683 9.2179
117.398 145.682 9.27027
117.439 145.687 9.32508
117.475 145.693 9.37715
117.435 145.712 9.42367
117.377 145.733 9.47869
117.323 145.749 9.53211
117.305 145.758 9.58237
117.263 145.765 9.63997
117.278 145.775 9.69441
117.248 145.777 9.75329
117.124 145.77 9.80655
116.912 145.673 9.84284
116.415 145.444 9.86068
115.929 145.167 9.86689
115.344 144.844 9.86945
114.64 144.479 9.87069
113.881 144.101 9.86739
113.083 143.722 9.86391
112.341 143.364 9.85993
111.577 142.999 9.85774
110.859 142.661 9.85652
110.107 142.314 9.85589
109.345 141.959 9.85899
108.602 141.61 9.86176
107.947 141.299 9.86171
107.298 140.998 9.86757
106.556 140.645 9.87383
105.81 140.29 9.87943
104.976 139.894 9.88927
104.22 139.525 9.89428
103.473 139.156 9.89793
102.716 138.778 9.90556
101.949 138.386 9.91048
101.357 138.079 9.9042
100.739 137.76 9.90242
100.074 137.421 9.90139
99.5006 137.127 9.8954
98.9342 136.839 9.88839
98.1943 136.477 9.89085
97.5254 136.143 9.88819
96.8599 135.815 9.88563
96.2348 135.511 9.87957
95.5865 135.195 9.87852
94.891 134.857 9.87788
94.1394 134.493 9.88168
93.3767 134.123 9.88322
92.6053 133.745 9.88613
91.883 133.39 9.88402
91.0865 132.998 9.88664
90.277 132.618 9.88687
89.5104 132.242 9.88847
88.7643 131.877 9.89055
88.0146 131.507 9.89333
87.3275 131.168 9.89275
86.6031 130.808 9.89663
85.9026 130.458 9.89671
85.276 130.143 9.90019
84.574 129.79 9.90243
83.8524 129.421 9.90801
83.196 129.084 9.9087
82.5335 128.74 9.9106
81.8824 128.404 9.91087
81.2646 128.088 9.9097
80.6367 127.766 9.90903
80.0102 127.445 9.91103
79.4396 127.154 9.90806
78.7501 126.795 9.9124
78.1169 126.464 9.91206
77.4876 126.139 9.90931
76.8124 125.786 9.90946
76.1255 125.429 9.91036
75.4573 125.084 9.90825
74.7225 124.706 9.90873
74.0322 124.355 9.90503
73.3419 124.003 9.9024
72.677 123.67 9.8998
71.9943 123.332 9.89788
71.3096 122.99 9.89635
70.6782 122.682 9.89071
70.0169 122.361 9.88759
69.3065 122.013 9.8886
68.6011 121.672 9.88807
67.8905 121.33 9.88632
67.1958 121 9.88291
66.4521 120.641 9.88438
65.7009 120.271 9.8859
65.0355 119.952 9.88588
64.305 119.602 9.8826
63.5411 119.231 9.88399
62.8163 118.884 9.88268
62.1087 118.549 9.88106
61.4417 118.234 9.87705
60.7218 117.893 9.87891
60.071 117.583 9.88013
59.6236 117.377 9.87943
59.2927 117.227 9.88761
59.1597 117.183 9.9047
59.0287 117.133 9.93381
59.0514 117.157 9.96519
59.0404 117.178 10.0084
59.0454 117.202 10.0511
59.0556 117.23 10.1041
58.9552 117.201 10.1508
58.8286 117.128 10.1737
58.5304 116.861 10.1812
58.1005 116.441 10.1837
57.5645 115.913 10.1864
56.9658 115.339 10.1862
56.3277 114.731 10.1878
55.6216 114.065 10.191
54.8869 113.378 10.1949
54.2526 112.77 10.1937
53.6919 112.236 10.1888
53.2011 111.773 10.1923
52.6299 111.237 10.1956
52.1085 110.733 10.1945
51.5537 110.206 10.1987
50.9536 109.629 10.2028
50.3604 109.056 10.2071
50.0107 108.747 10.2029
49.4339 108.185 10.2065
48.8812 107.641 10.2082
48.4135 107.181 10.2002
47.9328 106.73 10.2093
47.4294 106.237 10.2008
46.9633 105.803 10.2006
46.523 105.415 10.1986
45.863 104.757 10.2035
45.3427 104.26 10.2021
44.6146 103.522 10.2044
44.0528 102.977 10.2013
43.4724 102.419 10.2006
42.881 101.824 10.2016
42.2557 101.197 10.2058
41.5672 100.491 10.2095
40.9478 99.8609 10.2091
40.2871 99.1754 10.2085
39.9314 98.8433 10.1989
39.5906 98.5135 10.1963
39.4886 98.4496 10.1972
39.3437 98.3312 10.2161
39.3235 98.3445 10.2461
39.2419 98.2644 10.2852
39.2517 98.269 10.3348
39.037 97.9921 10.3936
39.0078 97.9534 10.4457
39.163 98.2074 10.5042
39.0937 98.1247 10.5661
38.9663 97.9445 10.6332
39.0008 98.0444 10.683
39.1129 98.3128 10.7373
39.1044 98.3431 10.7951
39.0459 98.2361 10.8554
39.0809 98.4027 10.9108
39.1022 98.5432 10.9669
39.0877 98.541 11.0209
39.0698 98.5188 11.0743
39.0358 98.3345 11.1237
39.0319 98.2408 11.1454
39.0272 98.1998 11.1531
39.0211 98.1871 11.1578
39.0027 98.173 11.1599
38.9962 98.1642 11.1626
38.9898 98.1561 11.1649
38.9819 98.1482 11.1667
38.9849 98.0671 11.1673
39.0419 97.6854 11.166
39.1419 97.054 11.1669
39.2805 96.4389 11.1714
39.4113 95.5399 11.1683
39.5265 94.7277 11.1663
39.6678 93.7658 11.1656
39.807 92.8218 11.1666
39.9647 91.8958 11.1728
40.1214 90.9969 11.1764
40.272 90.1343 11.1802
40.4232 89.2785 11.1828
40.5755 88.4211 11.1862
40.7296 87.5746 11.1907
40.8875 86.7258 11.1947
41.0449 85.8988 11.1973
41.2004 85.0879 11.1979
41.353 84.3019 11.1987
41.4827 83.6176 11.1995
41.5768 83.1327 11.2016
41.6203 82.8922 11.2032
41.6188 82.8627 11.2027
41.6099 82.875 11.2028
41.5927 82.889 11.1847
41.611 82.8314 11.1592
41.6039 83.0457 11.1368
41.579 83.4275 11.0997
41.6056 83.0296 11.072
41.5975 83.0016 11.0581
41.6177 82.7583 11.0564
41.6128 82.6718 11.0515
41.6537 82.0054 11.047
41.668 81.4137 11.0374
41.7095 80.488 11.0388
41.7271 79.8594 11.0321
41.7691 78.7232 11.036
41.7882 77.8768 11.0335
41.7951 77.1005 11.0341
41.8242 76.1844 11.037
41.8439 75.611 11.0373
41.8449 75.3402 11.0318
41.8523 74.8745 11.0264
41.8761 74.1184 11.0364
41.899 73.3743 11.0363
41.9179 72.6919 11.0382
41.9178 72.3476 11.0325
41.9642 71.2315 11.0453
42.0106 70.2024 11.0499
42.063 69.1926 11.0579
42.1151 68.2105 11.061
42.1515 67.5181 11.0621
42.1805 66.9981 11.0605
42.2093 66.4678 11.0557
42.2699 65.3978 11.0589
42.3064 64.6957 11.0554
42.3468 63.974 11.055
42.3839 63.2846 11.0498
42.4344 62.2461 11.0489
42.4743 61.5146 11.0519
42.5103 60.7342 11.0393
42.5411 60.0662 11.0446
42.585 59.1787 11.0498
42.6176 58.439 11.0462
42.6391 57.8486 11.0458
42.6852 57.211 11.0443
42.7297 56.5248 11.0525
42.7711 55.7073 11.0487
42.8141 54.8043 11.049
42.8512 54.1847 11.0549
42.8904 53.5385 11.0566
42.9314 53.0271 11.0529
42.9548 52.6489 11.0515
42.9932 51.8943 11.0547
43.0304 51.2785 11.0559
43.0627 50.7303 11.0514
43.1037 49.9781 11.0559
43.1569 49.0676 11.0569
43.1938 48.2535 11.0501
43.2183 47.6101 11.0478
43.2455 47.0128 11.0489
43.2691 46.5895 11.0443
43.2955 45.9035 11.0423
43.3228 45.1406 11.0408
43.3456 44.5322 11.0392
43.3734 43.8488 11.0452
43.3808 43.5414 11.0456
43.3892 43.2335 11.043
43.3875 43.179 11.0512
43.3746 43.4743 11.0718
43.3519 43.649 11.1235
43.3232 43.8756 11.1672
43.2911 44.0529 11.2167
43.2773 44.071 11.2724
43.2351 44.2245 11.3313
43.2111 44.2749 11.3958
43.1839 44.3258 11.4579
43.1642 44.3575 11.5185
43.1542 44.3697 11.5784
43.1455 44.3804 11.6314
43.1445 44.3816 11.6907
43.1481 44.3789 11.7495
43.1305 44.3986 11.8071
43.1063 44.4238 11.8604
43.0746 44.4554 11.9116
43.0528 44.4747 11.9628
43.0237 44.4982 12.0151
42.9913 44.5243 12.0691
42.9626 44.5465 12.1238
42.9498 44.5573 12.1785
42.9333 44.5739 12.2318
42.9307 44.5832 12.2864
42.9398 44.5886 12.3413
42.9424 44.5986 12.3964
42.9374 44.6072 12.4501
42.9176 44.6191 12.5041
42.9201 44.62 12.558
42.91 44.6199 12.6047
42.92 44.6204 12.6247
42.93 44.621 12.6254
42.93 44.621 12.6254
42.93 44.621 12.6254
42.93 44.621 12.6254
42.93 44.621 12.6254
42.93 44.621 12.6254
42.93 44.621 12.6254
42.94 44.6216 12.6291
42.94 44.6216 12.6639
42.93 44.6203 12.7202
42.9153 44.6175 12.7858
42.9057 44.615 12.8554
42.9057 44.615 12.9243
42.901 44.6131 12.9928
42.8965 44.6109 13.0458
42.9141 44.6204 13.0747
42.9316 44.6302 13.0799
42.9316 44.6302 13.0799
43.1538 44.7552 13.078
43.6683 45.0441 13.078
44.3657 45.4361 13.0788
45.1322 45.8684 13.081
45.9716 46.3444 13.0836
46.8271 46.8326 13.0862
47.6642 47.3127 13.088
48.4705 47.7761 13.088
49.2593 48.2298 13.0888
50.035 48.6763 13.0884
50.6981 49.0579 13.0888
51.4476 49.4896 13.0891
52.1753 49.9092 13.0899
52.8768 50.3142 13.0899
53.5437 50.6991 13.0899
54.1934 51.0738 13.0891
54.826 51.4381 13.0884
55.4414 51.7921 13.0884
56.0569 52.1461 13.0884
56.6724 52.4999 13.0877
57.2927 52.8556 13.0865
57.9221 53.2154 13.0847
58.5606 53.5794 13.0843
59.1817 53.9338 13.0854
59.8068 54.2909 13.0854
60.4407 54.6531 13.0854
61.0748 55.0147 13.0839
61.7227 55.3825 13.0814
62.3801 55.7537 13.0795
63.0642 56.1387 13.0784
63.7569 56.5289 13.0802
64.4487 56.9205 13.0828
65.1482 57.319 13.0854
65.8339 57.7114 13.0869
66.4239 58.0493 13.0862
67.1097 58.4415 13.0854
67.7957 58.8334 13.0854
68.4815 59.2255 13.0862
69.1626 59.6158 13.0873
69.8434 60.0066 13.0877
70.5155 60.3924 13.0873
71.1966 60.7827 13.0862
71.8695 61.1673 13.0851
72.5345 61.5454 13.0817
73.1963 61.919 13.0788
73.8809 62.3032 13.0769
74.5657 62.6869 13.0773
75.2722 63.083 13.0773
75.9785 63.4796 13.0788
76.6928 63.8824 13.081
77.3844 64.2743 13.0828
78.0541 64.6543 13.0821
78.7199 65.0312 13.081
79.3777 65.4018 13.0777
80.0408 65.7731 13.0762
80.6955 66.1389 13.0754
81.3417 66.4995 13.0754
81.8874 66.8042 13.0758
82.5203 67.1579 13.0762
83.1659 67.5195 13.0777
83.8062 67.8805 13.0817
84.4409 68.2412 13.0847
85.0792 68.6054 13.0851
85.7179 68.9692 13.0832
86.3746 69.3417 13.0814
87.0452 69.7202 13.0791
87.7207 70.1 13.078
88.4053 70.4842 13.0777
89.0854 70.8661 13.0784
89.7736 71.2539 13.0806
90.4613 71.6428 13.0814
91.153 72.0347 13.0825
91.8529 72.4324 13.0836
92.5439 72.8256 13.0839
93.2348 73.2188 13.0836
93.9216 73.6092 13.0828
94.6131 74.0014 13.0817
95.3098 74.3946 13.0788
95.9942 74.7791 13.0777
96.6529 75.1481 13.0765
97.2116 75.4603 13.0751
97.8626 75.8225 13.0732
98.5361 76.1958 13.0717
99.0262 76.4667 13.071
99.3281 76.6336 13.0721
99.433 76.6919 13.0736
99.433 76.6919 13.0736
99.433 76.6919 13.0736
99.433 76.6919 13.0736
99.433 76.6919 13.0736
99.433 76.6919 13.0736
99.433 76.6919 13.0736
99.433 76.6919 13.0736
99.433 76.6919 13.0736
99.433 76.6919 13.0736
99.433 76.6919 13.0736
99.433 76.6919 13.0736
99.433 76.6919 13.0736
99.433 76.6919 13.0736
99.433 76.6919 13.0736
99.433 76.6919 13.0736
99.433 76.6919 13.0736
99.433 76.6919 13.0736
99.433 76.6919 13.0736
99.433 76.6919 13.0736
99.433 76.6919 13.0736
99.433 76.6919 13.0736
99.4374 76.6943 13.0762
99.4591 76.7068 13.1039
99.4717 76.7148 13.151
99.4922 76.7292 13.2077
99.5039 76.7385 13.2688
99.5151 76.7485 13.3314
99.5081 76.7414 13.3943
99.495 76.7262 13.4573
99.495 76.7262 13.5106
99.4894 76.718 13.5699
99.4817 76.7051 13.6273
99.4794 76.7007 13.6662
99.4996 76.7409 13.6754
99.6805 77.1032 13.6728
99.9675 77.6752 13.6714
100.34 78.417 13.6721
100.746 79.2258 13.6717
101.162 80.052 13.6699
101.571 80.8591 13.6658
101.945 81.5889 13.6614
102.201 82.0817 13.6573
102.323 82.3224 13.6765
102.357 82.395 13.7269
102.366 82.4182 13.7895
102.364 82.4134 13.8573
102.362 82.4037 13.9254
102.382 82.5068 13.968
102.462 82.9901 13.9762
102.582 83.7204 13.9739
102.726 84.5835 13.9699
102.883 85.5052 13.9665
103.046 86.4361 13.9617
103.213 87.3712 13.9573
103.36 88.1679 13.9543
103.527 89.0675 13.9525
103.686 89.9126 13.9502
103.837 90.7084 13.9488
103.986 91.4893 13.9484
104.133 92.2604 13.9488
104.279 93.0316 13.9506
104.421 93.7835 13.9517
104.557 94.5108 13.9525
104.692 95.2332 13.9514
104.824 95.9309 13.9499
104.96 96.6481 13.9484
105.093 97.3406 13.9488
105.225 98.0381 13.9502
105.358 98.7457 13.9517
105.495 99.473 13.9525
105.633 100.215 13.9521
105.776 100.977 13.9525
105.917 101.734 13.9532
106.018 102.28 13.9558
106.068 102.555 13.961
106.081 102.629 13.9525
106.084 102.644 13.9099
106.082 102.634 13.8558
106.074 102.61 13.8251
106.062 102.572 13.8169
106.143 102.819 13.8191
106.353 103.455 13.8184
106.631 104.295 13.8165
106.94 105.22 13.8139
107.26 106.173 13.8114
107.58 107.115 13.8095
107.889 108.024 13.8088
108.193 108.919 13.8099
108.477 109.757 13.8117
108.736 110.53 13.8151
108.91 111.057 13.8214
108.986 111.3 13.8528
109.006 111.378 13.9032
109.01 111.397 13.9588
109.013 111.417 13.9921
109.03 111.536 13.9965
109.097 111.996 13.9917
109.203 112.708 13.9865
109.333 113.558 13.9836
109.477 114.477 13.9814
109.628 115.435 13.9791
109.783 116.403 13.9777
109.933 117.331 13.9762
110.077 118.219 13.9762
110.216 119.073 13.9765
110.351 119.912 13.9773
110.481 120.717 13.9777
110.602 121.472 13.9788
110.719 122.198 13.9777
110.833 122.909 13.9762
110.949 123.614 13.9743
111.066 124.32 13.9717
111.149 124.818 13.9714
111.186 125.029 13.9547
111.198 125.088 13.9139
111.204 125.113 13.8906
111.203 125.108 13.888
111.248 125.287 13.8899
111.364 125.748 13.8917
111.556 126.519 13.8936
111.778 127.417 13.8962
112.007 128.349 13.8977
112.237 129.297 13.8995
112.463 130.235 13.9021
112.678 131.135 13.9047
112.881 131.996 13.9051
113.072 132.804 13.9043
113.26 133.592 13.9028
113.446 134.37 13.9021
113.629 135.133 13.9017
113.809 135.887 13.9028
113.985 136.621 13.9032
114.162 137.365 13.9036
114.336 138.1 13.9039
114.513 138.844 13.9036
114.692 139.593 13.9036
114.87 140.347 13.9047
115.051 141.111 13.9043
115.207 141.768 13.9039
115.392 142.541 13.9021
115.58 143.324 13.901
115.762 144.082 13.9017
115.94 144.826 13.9021
116.113 145.546 13.9006
116.286 146.26 13.8988
116.466 146.999 13.8965
116.648 147.737 13.8958
116.832 148.484 13.8965
117.013 149.227 13.8984
117.193 149.971 13.9002
117.362 150.671 13.901
117.47 151.123 13.9036
117.512 151.298 13.9073
117.504 151.264 13.9202
117.494 151.215 13.961
117.488 151.176 14.0077
117.484 151.131 14.0665
117.482 151.091 14.128
117.482 151.071 14.1902
117.483 151.061 14.2517
117.483 151.066 14.3106
117.479 151.085 14.3706
117.473 151.105 14.4299
117.469 151.119 14.4895
117.463 151.133 14.5484
117.459 151.142 14.6069
117.452 151.155 14.6643
117.444 151.168 14.7225
117.429 151.188 14.7828
117.423 151.196 14.8428
117.42 151.2 14.8936
117.416 151.203 14.9532
117.435 151.187 15.0136
117.439 151.184 15.0747
117.439 151.184 15.1362
117.434 151.186 15.1965
117.421 151.193 15.2539
117.403 151.202 15.3088
117.37 151.214 15.3632
117.337 151.225 15.4184
117.308 151.233 15.4747
117.308 151.233 15.5302
117.338 151.228 15.5865
117.358 151.227 15.6443
117.363 151.226 15.7032
117.358 151.226 15.7621
117.338 151.225 15.8199
117.328 151.223 15.8777
117.333 151.224 15.9343
117.352 151.229 15.9914
117.385 151.24 16.0488
117.404 151.247 16.0969
117.404 151.247 16.1517
117.395 151.243 16.1917
117.311 151.198 16.2047
116.964 151.01 16.2043
116.401 150.705 16.2036
115.697 150.325 16.2028
114.914 149.902 16.2028
114.109 149.467 16.2039
113.305 149.031 16.2058
112.505 148.596 16.2065
111.715 148.166 16.2065
110.955 147.753 16.2054
110.199 147.342 16.2054
109.453 146.936 16.2069
108.72 146.536 16.2095
108.002 146.14 16.2132
107.293 145.747 16.2162
106.582 145.349 16.2188
105.871 144.95 16.2206
105.157 144.547 16.2228
104.461 144.152 16.2258
103.772 143.757 16.2299
103.157 143.402 16.2343
102.453 142.991 16.2384
101.725 142.562 16.2439
101.012 142.137 16.2469
100.313 141.718 16.248
99.6355 141.312 16.248
98.9707 140.914 16.2477
98.28 140.5 16.2473
97.6106 140.1 16.2465
96.9322 139.695 16.2451
96.2659 139.299 16.2432
95.6205 138.917 16.2417
94.983 138.541 16.2395
94.3362 138.162 16.238
93.6886 137.783 16.2351
93.0226 137.397 16.2328
92.3776 137.024 16.231
91.7232 136.648 16.2291
91.0766 136.277 16.2265
90.4248 135.906 16.2243
89.8812 135.598 16.224
89.2511 135.239 16.2265
88.6479 134.894 16.2291
88.0411 134.545 16.2306
87.4301 134.193 16.2302
86.8015 133.832 16.2284
86.1635 133.467 16.2265
85.5032 133.091 16.2258
84.8386 132.712 16.2262
84.1785 132.335 16.2269
83.5144 131.956 16.228
82.8376 131.568 16.228
82.1563 131.178 16.2277
81.4662 130.783 16.2273
80.7674 130.384 16.2277
80.0818 129.991 16.2284
79.4011 129.6 16.2302
78.7167 129.206 16.2317
78.128 128.865 16.2325
77.4398 128.467 16.2321
76.7516 128.069 16.2325
76.0717 127.677 16.2306
75.3956 127.288 16.2291
74.706 126.893 16.228
74.016 126.498 16.2277
73.3217 126.1 16.2284
72.6278 125.702 16.2291
71.9341 125.303 16.2299
71.2667 124.92 16.2299
70.6164 124.546 16.2291
69.9654 124.173 16.2262
69.326 123.811 16.2214
68.6981 123.459 16.2169
68.0774 123.114 16.2132
67.4558 122.771 16.211
66.8201 122.422 16.2084
66.2802 122.128 16.2065
65.7134 121.82 16.2039
65.3615 121.63 16.2039
65.2478 121.567 16.2247
65.2479 121.567 16.2669
65.2687 121.58 16.3177
65.2928 121.598 16.3732
65.3197 121.621 16.4306
65.3563 121.655 16.4899
65.3837 121.684 16.5514
65.3966 121.699 16.6128
65.3877 121.687 16.6732
65.3686 121.658 16.7336
65.3537 121.632 16.7839
65.3358 121.596 16.8432
65.318 121.555 16.9021
65.3027 121.512 16.9617
65.2871 121.46 17.0214
65.2769 121.416 17.0802
65.2727 121.391 17.1384
65.2681 121.351 17.1858
65.2569 121.217 17.2062
65.225 120.783 17.2043
65.1744 120.13 17.1988
65.109 119.343 17.1928
65.0332 118.496 17.1862
64.947 117.595 17.1806
64.8545 116.67 17.1777
64.7593 115.73 17.178
64.6668 114.809 17.1791
64.578 113.909 17.1817
64.4943 113.048 17.1821
64.4152 112.231 17.1821
64.339 111.45 17.181
64.2645 110.694 17.1802
64.2019 110.062 17.1799
64.1292 109.33 17.1795
64.0575 108.609 17.1799
63.988 107.902 17.1814
63.9182 107.186 17.1821
63.8474 106.454 17.1825
63.7766 105.723 17.1821
63.7039 104.976 17.1814
63.6308 104.235 17.1795
63.556 103.494 17.1769
63.4796 102.753 17.1751
63.4023 102.012 17.1747
63.323 101.251 17.1751
63.2411 100.46 17.1762
63.1585 99.6541 17.1769
63.0758 98.8433 17.1773
62.9937 98.0375 17.1773
62.9106 97.2167 17.1784
62.843 96.54 17.1799
62.7623 95.714 17.1828
62.6834 94.8877 17.1843
62.6048 94.0464 17.1869
62.5287 93.2099 17.1891
62.4565 92.393 17.1921
62.3851 91.5511 17.1962
62.3175 90.7238 17.1984
62.2504 89.8865 17.1991
62.1847 89.0591 17.1999
62.1212 88.2466 17.2017
62.0601 87.4389 17.2047
62.0004 86.6161 17.208
61.9432 85.788 17.2117
61.8905 84.9898 17.2139
61.84 84.2014 17.2154
61.7912 83.4229 17.2169
61.7515 82.7741 17.2184
61.7066 82.0205 17.2202
61.6639 81.2817 17.2217
61.6339 80.7425 17.2247
61.6174 80.4229 17.2299
61.614 80.348 17.2362
61.6138 80.343 17.2173
61.6106 80.3032 17.1817
61.6036 80.2385 17.1614
61.6013 80.2186 17.1628
61.5961 80.174 17.1625
61.5562 79.8464 17.1528
61.4791 79.2615 17.1425
61.3731 78.5139 17.1332
61.244 77.6535 17.1265
61.0994 76.7247 17.1221
60.9526 75.8064 17.1184
60.804 74.8934 17.1165
60.6843 74.1631 17.1158
60.5441 73.3096 17.1162
60.4071 72.4707 17.1177
60.2742 71.6463 17.1202
60.1441 70.8266 17.1225
60.0183 70.0214 17.1251
59.8991 69.2454 17.1277
59.7808 68.4593 17.131
59.6645 67.6729 17.1328
59.5473 66.8663 17.1362
59.4297 66.0397 17.1388
59.3162 65.2275 17.141
59.2042 64.4102 17.1443
59.0939 63.5876 17.1465
58.9836 62.7498 17.1491
58.875 61.9169 17.1491
58.7675 61.0888 17.1502
58.6623 60.2705 17.1514
58.5746 59.5811 17.1532
58.4756 58.7873 17.1562
58.3789 57.9931 17.1591
58.2839 57.1937 17.1617
58.1954 56.4389 17.1625
58.1105 55.7138 17.1617
58.0233 54.974 17.1614
57.9387 54.259 17.1606
57.8515 53.5241 17.1606
57.7754 52.8786 17.1621
57.7304 52.4862 17.1669
57.7141 52.3371 17.1736
57.7157 52.352 17.1695
57.7114 52.3173 17.1432
57.7015 52.253 17.1065
57.6899 52.189 17.0928
57.6927 52.2038 17.094
57.6862 52.1693 17.0928
57.6346 51.8993 17.0873
57.5215 51.3304 17.0777
57.3661 50.5865 17.068
57.1861 49.7608 17.0602
56.99 48.8876 17.0554
56.7888 48.0052 17.0536
56.5852 47.1183 17.0528
56.3833 46.2412 17.0521
56.1849 45.3839 17.0506
55.9924 44.556 17.0499
55.8031 43.7428 17.0502
55.616 42.9341 17.0525
55.4354 42.1445 17.0554
55.2591 41.3642 17.0577
55.0852 40.5885 17.0588
54.9177 39.8369 17.0602
54.7491 39.0753 17.0617
54.6023 38.4062 17.0636
54.4344 37.6343 17.0658
54.2795 36.9158 17.0669
54.1741 36.4219 17.0702
54.1198 36.1625 17.0743
54.1057 36.094 17.0788
54.1087 36.1086 17.0784
54.1125 36.1283 17.1014
54.1195 36.1727 17.1447
54.1232 36.2076 17.2006
54.1246 36.2375 17.2614
54.124 36.2825 17.3217
54.1214 36.3174 17.3851
54.1194 36.3322 17.4388
54.1175 36.3421 17.5025
54.12 36.3324 17.5639
54.1185 36.3371 17.6236
54.1167 36.3418 17.6802
54.1104 36.3554 17.7354
54.0965 36.382 17.7888
54.0862 36.3992 17.8436
54.075 36.4158 17.8999
54.069 36.4238 17.9577
54.0592 36.4351 18.0165
54.0523 36.4423 18.0758
54.0486 36.4457 18.1332
54.0563 36.4394 18.1917
54.0604 36.4364 18.2491
54.0646 36.4337 18.2984
54.0516 36.4412 18.3551
54.0293 36.4524 18.4125
53.9971 36.4663 18.4699
53.9878 36.4698 18.5262
53.9974 36.4668 18.5825
54.0167 36.4621 18.6395
54.0315 36.4594 18.6969
54.0662 36.4551 18.7543
54.1011 36.4528 18.811
54.1462 36.4523 18.8669
54.1911 36.4544 18.9243
54.2508 36.4602 18.9688
54.355 36.4737 18.9891
54.3945 36.4793 18.9921
54.3945 36.4793 18.9921
54.3945 36.4793 18.9921
54.3945 36.4793 18.9921
54.3946 36.4793 19.0047
54.3798 36.4768 19.0399
54.3896 36.4788 19.0688
54.4091 36.4832 19.0717
54.4139 36.4843 19.0714
54.4139 36.4843 19.0714
54.4139 36.4843 19.0714
54.4139 36.4843 19.0714
54.4139 36.4843 19.0714
54.4139 36.4843 19.0714
54.4139 36.4843 19.0714
54.4139 36.4843 19.0714
54.4139 36.4843 19.0714
54.4139 36.4843 19.0714
54.4139 36.4843 19.0714
54.4139 36.4843 19.0714
54.4139 36.4843 19.0714
54.4139 36.4843 19.0714
54.4139 36.4843 19.0714
54.4139 36.4843 19.0714
54.4139 36.4843 19.0714
54.4139 36.4843 19.0714
54.4139 36.4843 19.0714
54.4139 36.4843 19.0714
54.4139 36.4843 19.0714
54.4139 36.4843 19.0714
54.4139 36.4843 19.0714
54.4139 36.4843 19.0714
54.4139 36.4843 19.0714
54.4139 36.4843 19.0714
54.4139 36.4843 19.0714
54.4139 36.4843 19.0714
54.4139 36.4843 19.0714
54.4139 36.4843 19.0714
54.4139 36.4843 19.0714
54.4139 36.4843 19.0714
54.4139 36.4843 19.0714
54.4139 36.4843 19.0714
54.4139 36.4843 19.0714
54.4139 36.4843 19.0714
54.4139 36.4843 19.0714
54.4139 36.4843 19.0714
54.4139 36.4843 19.0714
54.4139 36.4843 19.0714
54.4139 36.4843 19.0714
54.4139 36.4843 19.0714
54.4139 36.4843 19.0714
54.4139 36.4843 19.0714
54.4139 36.4843 19.0714
54.4139 36.4843 19.0714
54.4139 36.4843 19.0714
54.4139 36.4843 19.0714
54.4139 36.4843 19.0714
