40 39.9999 2.19009e-17
40.0036 39.8025 -0.00349741
39.9256 39.8004 -0.00166279
39.9455 39.7743 -0.00107256
39.9391 39.7475 -0.00122774
39.9043 39.7233 -0.000417392
39.8968 39.7469 -0.000201774
39.9183 39.594 0.000158498
39.9409 39.4615 0.000440087
39.9271 39.4644 0.000399195
39.9173 39.5934 0.000697872
39.9299 39.5976 0.000345555
39.9427 39.5822 -0.000346397
39.9514 39.4971 -0.000130074
39.9461 39.4986 -0.000440983
39.9375 39.5181 -0.000162806
39.9414 39.5185 -6.48302e-05
39.9482 39.5114 -0.00021092
39.9925 39.5011 -0.000875057
40.1235 39.5138 -0.000363961
40.3026 39.5151 0.000880066
40.5146 39.5172 0.000710124
40.7985 39.4855 0.00603899
41.1067 39.4838 0.00510246
41.5765 39.4882 0.00996748
42.0966 39.49 0.00971442
42.704 39.4625 0.0123928
43.2666 39.4683 0.002833
43.8523 39.4611 0.00228554
44.5889 39.4243 0.00040683
45.1825 39.4344 0.00580226
45.7861 39.4026 0.00662039
46.3442 39.3854 0.00322402
47.0897 39.3758 0.00657471
47.7788 39.4148 -0.00305388
48.4367 39.4146 -0.00476886
49.2192 39.4364 -3.82469e-05
49.8567 39.4411 -0.00170446
50.5114 39.4354 -0.00492526
51.2311 39.4035 -0.00391298
51.9001 39.401 -0.00578271
52.6649 39.3794 -0.00528111
53.4278 39.375 -0.0041131
54.0861 39.372 -0.00657696
54.7046 39.3714 -0.00235042
55.2804 39.3684 -0.00656511
55.8892 39.3733 -0.00192784
56.5534 39.4086 -0.00185788
57.1258 39.4044 -0.00379405
57.6966 39.4092 -0.00407021
58.4244 39.4177 -0.00847026
59.0005 39.4154 -0.00895353
59.6565 39.4144 -0.00122742
60.2878 39.4081 -0.00195933
60.9097 39.4025 -0.0043305
61.5841 39.405 -0.00344098
62.3637 39.3967 0.00107561
62.9886 39.4029 0.00198977
63.6904 39.4025 0.00329705
64.3554 39.4047 0.00731796
64.955 39.4112 0.00558052
65.6296 39.4093 0.00681364
66.3417 39.4112 0.0114055
67.1474 39.4101 0.0124267
67.7896 39.4213 0.00753226
68.4452 39.4182 0.013454
69.0894 39.42 0.00850327
69.7607 39.4264 0.00775643
70.3853 39.4327 0.0114467
71.044 39.427 0.0115775
71.7047 39.4337 0.00836149
72.312 39.4425 0.00859565
73.0179 39.4504 0.00645035
73.6383 39.4528 0.00710659
74.297 39.4576 0.00588915
75.0042 39.4548 0.000569117
75.5907 39.4514 0.000538105
76.2954 39.4599 0.00623059
76.9626 39.4662 0.00187768
77.7076 39.4647 -0.00384335
78.344 39.4599 -0.00797948
79.0592 39.4542 -0.00943698
79.7475 39.4495 -0.00498076
80.4126 39.4486 -0.00195107
81.0889 39.4442 -0.00551631
81.8518 39.4486 -0.00670365
82.5594 39.4446 -0.00416812
83.2122 39.4325 0.00140794
83.9209 39.4374 0.00743881
84.685 39.4447 0.0123719
85.3396 39.4513 0.0101954
85.9569 39.4599 0.0120374
86.5413 39.4698 0.011794
87.1061 39.4718 0.0073658
87.6192 39.472 0.00710803
88.1869 39.4799 0.0127058
88.7702 39.4848 0.0100586
89.4087 39.4922 0.0105569
89.9722 39.5006 0.0115527
90.628 39.5104 0.0106437
91.2348 39.5297 0.0115774
91.8605 39.5326 0.0117002
92.4618 39.5367 0.0145072
93.0975 39.5406 0.0135591
93.7127 39.5496 0.0133639
94.3427 39.5502 0.00634099
95.0101 39.5502 0.00515217
95.6486 39.5501 0.00654874
96.1591 39.5425 0.00560688
96.8264 39.5442 0.00168172
97.5271 39.5473 0.00217244
98.2466 39.5427 -0.00048007
98.9631 39.5426 0.000416839
99.7076 39.5411 -0.00111495
100.384 39.54 -0.00497146
101.173 39.5266 0.00425504
101.83 39.5232 -1.58981e-05
102.443 39.5164 -0.00464248
103.139 39.5166 0.00345143
103.818 39.5136 -0.00238732
104.518 39.5107 -0.000544341
105.22 39.5033 -0.00503701
105.886 39.5039 -0.0036054
106.557 39.5034 -0.00383822
107.238 39.495 -0.00461258
107.859 39.4798 -0.00380139
108.652 39.477 0.000599676
109.385 39.4763 0.00067459
110.064 39.4718 -0.0026953
110.731 39.4682 -0.00162793
111.385 39.457 -0.00414598
112.041 39.4604 0.0024966
112.746 39.4612 0.00705313
113.547 39.4638 0.00969677
114.209 39.4684 0.0112765
114.897 39.4702 0.00894227
115.681 39.4791 0.0168379
116.278 39.4892 0.0174496
116.887 39.4916 0.0117275
117.545 39.497 0.0126489
118.177 39.5041 0.013632
118.847 39.5093 0.0136467
119.483 39.5182 0.0196608
120.161 39.5288 0.0195352
120.846 39.5416 0.023262
121.518 39.5534 0.0230281
122.178 39.5659 0.0229798
122.898 39.5807 0.0228469
123.513 39.5902 0.018514
124.162 39.5962 0.0139837
124.817 39.6034 0.0138353
125.469 39.6084 0.00840945
126.125 39.6164 0.0104316
126.758 39.6199 0.0100042
127.568 39.6311 0.0132334
128.245 39.6372 0.0090365
128.925 39.6416 0.00695463
129.592 39.6447 0.00589931
130.281 39.646 0.00240647
130.94 39.6502 0.00361181
131.571 39.6532 0.00305961
132.241 39.661 0.00558475
132.919 39.6672 0.00347848
133.597 39.6655 0.00199308
134.255 39.6697 0.00566995
134.919 39.6679 0.00055623
135.609 39.6761 0.00661484
136.322 39.6799 0.00821109
137.036 39.6842 0.0078499
137.729 39.6871 0.00483909
138.418 39.6884 0.00578703
139.121 39.695 0.00667048
139.805 39.6983 0.0108141
140.491 39.7055 0.0095684
141.115 39.7127 0.0128531
141.746 39.7253 0.0147441
142.354 39.7378 0.0147432
142.979 39.7462 0.0153059
143.587 39.7554 0.0151394
144.164 39.7664 0.0167486
144.782 39.7781 0.0146579
145.419 39.7921 0.0168617
146.093 39.7992 0.0133075
146.729 39.8067 0.0140808
147.38 39.8274 0.0198314
148.031 39.8378 0.0137916
148.708 39.842 0.011461
149.359 39.8521 0.0148784
150.032 39.8693 0.0223724
150.716 39.8802 0.0176579
151.371 39.8865 0.0122581
152.063 39.8928 0.0108273
152.741 39.9034 0.0127782
153.429 39.9098 0.0124781
154.1 39.9199 0.0138479
154.773 39.9327 0.0146443
155.449 39.9416 0.0157013
156.106 39.9391 0.0124319
156.93 39.9538 0.0159614
157.569 39.9642 0.016728
158.215 39.9727 0.0136868
158.85 39.9776 0.00871939
159.497 39.9831 0.00866581
160.139 39.9876 0.00676992
160.783 39.9927 0.00622501
161.432 40.0005 0.00857082
162.08 40.0033 0.00596987
162.735 40.0087 0.00584733
163.383 40.0143 0.00738444
164.07 40.0184 0.00703641
164.748 40.0257 0.00702155
165.434 40.0292 0.00750058
166.137 40.0376 0.00856453
166.822 40.0419 0.00766095
167.522 40.0474 0.00843797
168.182 40.0543 0.0107804
168.859 40.0622 0.0117125
169.548 40.0726 0.0160594
170.25 40.084 0.0180489
171.026 40.0945 0.0142454
171.707 40.1031 0.0129315
172.333 40.1111 0.0129235
173.003 40.1202 0.0124632
173.614 40.1211 0.0152358
174.232 40.1292 0.0125309
174.867 40.1372 0.0113472
175.476 40.1459 0.0127108
176.127 40.1499 0.013192
176.784 40.159 0.0162407
177.439 40.1735 0.0213922
178.102 40.188 0.0227971
178.771 40.2065 0.0268375
179.393 40.2254 0.0282603
180.047 40.2422 0.0292036
180.684 40.2604 0.0268903
181.322 40.2746 0.0246639
181.966 40.2911 0.0259704
182.616 40.3061 0.0234745
183.275 40.3241 0.0268067
183.87 40.3359 0.02449
184.314 40.3443 0.0211914
184.581 40.3514 0.0232764
184.692 40.3559 0.0244927
184.758 40.3579 0.0169536
184.953 40.3585 0.0052283
185.426 40.3572 -0.00420608
186.053 40.348 -0.0131324
186.786 40.3423 -0.00806269
187.345 40.3397 -0.0138094
187.74 40.3321 -0.02365
187.914 40.3277 -0.0285593
188.004 40.3258 -0.0325934
188.103 40.3246 -0.0184982
188.164 40.3264 0.0129075
188.238 40.3303 0.0566856
188.346 40.3363 0.113695
188.447 40.3456 0.172142
188.572 40.3568 0.233243
188.609 40.3633 0.283802
188.642 40.3732 0.34333
188.644 40.3709 0.387286
188.638 40.3638 0.419701
188.607 40.3424 0.431407
188.621 40.3444 0.436237
188.643 40.3467 0.440802
188.651 40.3495 0.443454
188.656 40.3474 0.444752
188.657 40.3475 0.445542
188.678 40.3512 0.447027
188.682 40.3511 0.447778
188.694 40.3533 0.44844
188.696 40.3569 0.448945
188.702 40.3585 0.449178
188.703 40.3582 0.449237
188.705 40.3579 0.449249
188.709 40.358 0.449494
188.707 40.3564 0.449586
188.702 40.3555 0.44962
188.708 40.3552 0.449967
188.709 40.3547 0.450212
188.596 40.2959 0.451215
188.263 40.1258 0.455503
187.755 39.8729 0.455154
187.148 39.5701 0.455174
186.543 39.2657 0.457127
185.898 38.9461 0.455314
185.396 38.7074 0.447001
185.416 38.7179 0.444606
185.78 38.8971 0.444867
186.256 39.1304 0.443463
186.881 39.4331 0.448092
187.566 39.7683 0.449911
188.231 40.0967 0.452614
188.9 40.4287 0.45385
189.595 40.7776 0.458176
190.36 41.1585 0.460483
191.025 41.4993 0.464601
191.632 41.8073 0.464388
192.231 42.1109 0.464742
192.982 42.4924 0.473292
193.568 42.7936 0.470323
194.106 43.0661 0.464376
194.667 43.3514 0.463711
195.187 43.6114 0.462002
195.724 43.878 0.459044
196.262 44.143 0.457882
196.823 44.4205 0.458449
197.393 44.7032 0.46053
197.965 44.9876 0.460565
198.546 45.2732 0.460377
199.041 45.5236 0.461073
199.624 45.8138 0.457772
200.23 46.1125 0.458211
200.589 46.2916 0.454554
200.93 46.459 0.457876
201.116 46.5468 0.459305
201.195 46.5842 0.460104
201.255 46.6108 0.461397
201.239 46.6013 0.461287
201.29 46.6251 0.461681
201.508 46.732 0.458227
201.887 46.9187 0.460029
202.432 47.193 0.461246
203.02 47.4846 0.459187
203.696 47.8204 0.458953
204.358 48.1475 0.455053
205.065 48.497 0.458765
205.613 48.7759 0.465136
206.114 49.0279 0.465079
206.402 49.176 0.469586
206.571 49.2597 0.472099
206.642 49.2941 0.472404
206.635 49.2908 0.472278
206.447 49.1905 0.471569
205.91 48.9143 0.470242
205.413 48.6557 0.472754
204.886 48.3695 0.484572
204.3 48.056 0.478543
203.871 47.8329 0.472505
203.467 47.6262 0.467538
203.241 47.5128 0.463187
203.079 47.4337 0.456655
203.004 47.3972 0.460081
202.68 47.2355 0.461907
202.156 46.9708 0.465483
201.536 46.6554 0.46867
201.18 46.4773 0.477086
200.914 46.3491 0.483791
200.703 46.2347 0.502422
200.613 46.1831 0.511135
200.569 46.1582 0.514801
200.54 46.142 0.516366
200.732 46.2525 0.516683
201.167 46.5085 0.517014
201.742 46.8417 0.517495
202.381 47.2105 0.5147
203.002 47.5713 0.52
203.512 47.8709 0.525689
203.874 48.0866 0.529235
204.079 48.215 0.530232
204.25 48.317 0.517387
204.697 48.5699 0.509871
205.35 48.9331 0.504344
206.074 49.3362 0.506281
206.818 49.7728 0.518654
207.495 50.1628 0.512821
207.785 50.3345 0.500962
207.935 50.4181 0.48381
208.035 50.4724 0.47861
208.127 50.522 0.47619
208.183 50.5514 0.474704
208.228 50.5759 0.474318
208.266 50.5977 0.473987
208.295 50.6135 0.473638
208.324 50.6283 0.473267
208.355 50.6447 0.473186
208.383 50.6607 0.47313
208.395 50.668 0.473175
208.414 50.6774 0.472878
208.432 50.689 0.472662
208.451 50.6983 0.472625
208.467 50.7141 0.472997
208.187 50.5709 0.470494
207.69 50.3173 0.470137
207.075 50.0035 0.467432
206.418 49.6731 0.462706
205.756 49.3403 0.462389
205.294 49.1101 0.457969
204.948 48.9435 0.449779
204.664 48.811 0.44119
204.62 48.7932 0.436406
204.633 48.8022 0.436835
204.638 48.8097 0.437698
204.621 48.802 0.423494
204.547 48.7673 0.391357
204.455 48.7279 0.347467
204.408 48.7104 0.300318
204.326 48.6819 0.239246
204.256 48.6645 0.178663
204.166 48.6447 0.12062
204.088 48.6349 0.0638196
204.043 48.6328 0.00982712
203.989 48.6309 -0.0464115
203.909 48.639 -0.0889241
203.718 48.635 -0.0960183
203.688 48.6459 -0.0874963
203.651 48.6544 -0.0727453
203.602 48.6651 -0.032745
203.546 48.6721 0.0145604
203.389 48.6705 0.0716597
203.285 48.6655 0.122653
203.285 48.6678 0.178392
203.433 48.6803 0.240642
203.462 48.6879 0.285488
203.519 48.7013 0.333226
203.591 48.7227 0.377295
203.653 48.7436 0.420049
203.646 48.7478 0.463147
203.569 48.7332 0.494433
203.569 48.7401 0.540654
203.55 48.7446 0.586522
203.569 48.7586 0.631278
203.503 48.729 0.673802
203.564 48.7679 0.724924
203.64 48.8195 0.777196
203.747 48.9069 0.827
203.775 48.9278 0.870716
203.757 48.9167 0.913205
203.698 48.8695 0.962026
203.698 48.8716 1.00747
203.678 48.8513 1.04756
203.656 48.8423 1.09427
203.66 48.8488 1.14556
203.614 48.7752 1.19669
203.555 48.6564 1.25143
203.527 48.6219 1.29489
203.511 48.6037 1.34043
203.492 48.574 1.39806
203.479 48.5665 1.44493
203.459 48.568 1.48898
203.469 48.6207 1.54012
203.473 48.6514 1.58642
203.468 48.6795 1.63361
203.463 48.7538 1.68115
203.452 48.8256 1.72708
203.456 48.8564 1.77053
203.45 48.8968 1.81768
203.453 48.933 1.86302
203.436 48.9707 1.90883
203.428 49.026 1.95576
203.416 49.0727 2.00328
203.394 49.1311 2.05271
203.383 49.1594 2.09802
203.35 49.2287 2.145
203.333 49.2578 2.18846
203.335 49.2828 2.23546
203.347 49.2629 2.27931
203.346 49.2619 2.31825
203.365 49.2396 2.36328
203.323 49.2888 2.40528
203.244 49.3802 2.45356
203.183 49.462 2.50084
203.192 49.4584 2.54597
203.196 49.4581 2.58808
203.185 49.4775 2.63455
203.168 49.5022 2.68079
203.102 49.5552 2.72509
203.087 49.5828 2.77852
203.017 49.6266 2.82035
202.937 49.677 2.86297
202.934 49.6864 2.9098
202.836 49.7294 2.95131
202.699 49.7751 3.00667
202.639 49.8073 3.02796
202.561 49.8362 3.02337
202.531 49.8466 3.00524
202.409 49.8822 2.97047
202.389 49.8857 2.93624
202.343 49.8932 2.89299
202.378 49.8838 2.83427
202.385 49.8873 2.77063
202.327 49.8994 2.71542
202.256 49.9207 2.67527
202.132 49.9764 2.6386
202.107 49.9924 2.62513
202.101 49.9873 2.6184
202.103 49.994 2.6154
202.105 49.9858 2.61404
202.101 49.995 2.61272
202.052 50.0168 2.61151
201.848 50.1369 2.61255
201.449 50.3751 2.61247
200.87 50.7148 2.61291
200.247 51.0834 2.61582
199.527 51.5049 2.61696
198.828 51.9177 2.61928
198.15 52.3251 2.62189
197.54 52.6509 2.62177
196.883 53.0293 2.61974
196.244 53.3966 2.62273
195.52 53.82 2.62503
194.885 54.1834 2.62386
194.264 54.5355 2.62727
193.668 54.8644 2.63272
193.123 55.1665 2.63448
192.592 55.4583 2.63746
192.046 55.7611 2.63832
191.469 56.0745 2.64118
190.901 56.3855 2.63985
190.345 56.6986 2.63987
189.765 57.0217 2.64168
189.249 57.3136 2.6381
188.774 57.5818 2.63839
188.249 57.8694 2.63418
187.766 58.1391 2.63413
187.217 58.4481 2.63096
186.671 58.7575 2.62919
186.071 59.0951 2.62532
185.541 59.3987 2.62824
185.009 59.7016 2.62857
184.436 60.0318 2.62584
183.91 60.3287 2.62399
183.346 60.6442 2.62106
182.818 60.9447 2.61913
182.274 61.2587 2.61893
181.712 61.583 2.61774
181.141 61.915 2.62039
180.529 62.2653 2.62143
179.891 62.6348 2.61773
179.286 62.9874 2.61785
178.704 63.3232 2.61923
178.105 63.672 2.61482
177.551 63.9949 2.61718
176.988 64.3311 2.61865
176.328 64.7293 2.61842
175.731 65.0789 2.61786
175.186 65.3954 2.61673
174.624 65.7224 2.61768
174.033 66.0684 2.61392
173.506 66.3781 2.61332
172.969 66.6919 2.61214
172.419 67.0169 2.61003
171.833 67.3576 2.61102
171.254 67.6942 2.61723
170.659 68.0391 2.62044
170.054 68.3894 2.62244
169.423 68.7483 2.62594
168.848 69.0689 2.62639
168.269 69.4018 2.62701
167.65 69.7555 2.63039
167.07 70.0788 2.63328
166.518 70.3839 2.62853
165.958 70.7004 2.63141
165.399 71.0158 2.63102
164.816 71.3471 2.62932
164.177 71.7041 2.62922
163.589 72.0337 2.62881
163.024 72.3497 2.62813
162.459 72.6696 2.62295
161.884 72.9965 2.62495
161.307 73.3254 2.62178
160.74 73.6523 2.623
160.137 73.9946 2.62396
159.538 74.3365 2.6228
158.941 74.6768 2.62311
158.372 75.0017 2.62357
157.804 75.3213 2.62409
157.142 75.7066 2.61972
156.627 76.0025 2.61926
156.081 76.3157 2.61895
155.471 76.6646 2.61826
154.899 76.9951 2.61822
154.34 77.3176 2.61778
153.72 77.6754 2.61632
153.172 77.9908 2.61417
152.598 78.3221 2.61092
152.028 78.6504 2.61493
151.492 78.9602 2.61689
150.875 79.3138 2.61779
150.318 79.6315 2.61684
149.73 79.9702 2.61334
149.146 80.3039 2.61478
148.596 80.6234 2.61581
147.959 80.9967 2.62226
147.444 81.291 2.62073
146.885 81.6113 2.62792
146.288 81.95 2.62625
145.677 82.2991 2.63552
145.11 82.6119 2.63941
144.52 82.9357 2.63569
143.931 83.2586 2.63996
143.474 83.5107 2.64141
143.145 83.6882 2.64804
143.029 83.7537 2.65493
142.998 83.7757 2.67021
142.993 83.7854 2.6908
142.956 83.808 2.72102
142.925 83.8272 2.76009
142.953 83.821 2.809
142.961 83.8217 2.8468
142.962 83.8294 2.87329
142.939 83.8394 2.87989
142.928 83.8417 2.88202
142.893 83.8419 2.88534
142.676 83.897 2.88644
142.21 84.0135 2.89233
141.58 84.1739 2.89573
140.869 84.3471 2.89582
140.03 84.5595 2.89477
139.204 84.7687 2.89625
138.349 84.9808 2.90548
137.563 85.1694 2.90211
136.722 85.3648 2.90877
136.01 85.5286 2.90913
135.138 85.7354 2.91097
134.404 85.9076 2.90557
133.72 86.068 2.90643
133.025 86.2327 2.90325
132.342 86.3967 2.89741
131.717 86.548 2.89991
131.11 86.696 2.89693
130.488 86.8551 2.89158
129.838 87.0128 2.89451
129.149 87.1814 2.89978
128.431 87.3646 2.89279
127.694 87.5404 2.89761
127.049 87.6985 2.89297
126.414 87.8561 2.89038
125.793 88.0124 2.88911
125.15 88.1783 2.88888
124.557 88.3273 2.88867
123.822 88.5122 2.89026
123.197 88.668 2.89267
122.444 88.8526 2.89978
121.792 89.0153 2.89328
121.145 89.1756 2.89569
120.436 89.3507 2.89588
119.772 89.5157 2.89493
119.125 89.6772 2.8971
118.42 89.8495 2.89706
117.694 90.0315 2.90333
117.094 90.1754 2.89916
116.707 90.268 2.8997
116.483 90.3312 2.90256
116.396 90.3563 2.90469
116.392 90.3547 2.90422
116.397 90.3525 2.90526
116.362 90.3635 2.90517
116.352 90.3622 2.90551
116.359 90.36 2.90588
116.323 90.3669 2.90582
116.305 90.3719 2.91727
116.301 90.3725 2.94067
116.245 90.388 2.96442
116.128 90.4194 3.00129
115.991 90.448 3.049
115.906 90.4657 3.09415
115.802 90.4774 -3.1374
115.671 90.4924 -3.0854
115.48 90.5059 -3.03826
115.328 90.5054 -2.98269
115.168 90.5036 -2.93394
115.055 90.5011 -2.88249
114.963 90.4999 -2.83102
114.903 90.5008 -2.79049
114.867 90.5077 -2.74625
114.822 90.5114 -2.70261
114.751 90.5066 -2.66619
114.666 90.485 -2.64594
114.669 90.4829 -2.63733
114.71 90.4904 -2.63219
114.717 90.488 -2.62902
114.698 90.4805 -2.62569
114.701 90.4785 -2.62328
114.635 90.4527 -2.62278
114.442 90.3293 -2.62324
114.087 90.1062 -2.61985
113.557 89.8006 -2.62313
112.931 89.4411 -2.62948
112.248 89.0482 -2.62341
111.478 88.6148 -2.62902
110.755 88.2068 -2.62885
110.029 87.7926 -2.63127
109.218 87.3486 -2.63142
108.507 86.9451 -2.62887
107.794 86.554 -2.62711
107.073 86.1499 -2.62811
106.348 85.7499 -2.63062
105.641 85.3615 -2.62905
105.125 85.0609 -2.61946
104.54 84.7197 -2.61837
104.044 84.4261 -2.61554
103.491 84.1015 -2.61408
103.007 83.8172 -2.60911
102.457 83.4886 -2.59731
102.002 83.2 -2.59085
101.468 82.8647 -2.58748
100.99 82.5624 -2.58398
100.446 82.2253 -2.59073
99.8346 81.858 -2.59443
99.2223 81.4891 -2.59688
98.6861 81.1678 -2.59501
98.1929 80.8651 -2.59852
97.598 80.5165 -2.60346
97.0498 80.1939 -2.60715
96.5403 79.8894 -2.60784
95.9307 79.5349 -2.61205
95.3025 79.169 -2.6163
94.7595 78.854 -2.61188
94.1163 78.4846 -2.61367
93.5621 78.1648 -2.61661
93.0161 77.8466 -2.61168
92.5094 77.5543 -2.61535
91.9419 77.2245 -2.61216
91.3875 76.8952 -2.61065
90.891 76.6066 -2.6172
90.2759 76.2638 -2.61452
89.5745 75.8648 -2.62054
88.9065 75.486 -2.62211
88.3512 75.17 -2.62241
87.6382 74.7678 -2.62949
86.9987 74.412 -2.62982
86.3134 74.0278 -2.63478
85.7796 73.7338 -2.63513
85.2632 73.4495 -2.63513
84.7716 73.1792 -2.62843
84.1764 72.8458 -2.63136
83.6721 72.5586 -2.63121
83.0213 72.2003 -2.63478
82.5382 71.9285 -2.62931
82.0286 71.6415 -2.62311
81.5688 71.3964 -2.62503
81.0144 71.0807 -2.62611
80.4821 70.7773 -2.62316
79.9153 70.4588 -2.61926
79.3823 70.1476 -2.6155
78.8982 69.8627 -2.61179
78.2501 69.4892 -2.60833
77.6087 69.1097 -2.60348
76.922 68.7121 -2.60058
76.3623 68.3807 -2.59577
75.766 68.0182 -2.59734
75.1848 67.6591 -2.59342
74.5835 67.3005 -2.59588
74.0497 66.9728 -2.5987
73.4619 66.6053 -2.59468
72.7977 66.2143 -2.60035
72.2116 65.867 -2.60312
71.5994 65.5003 -2.60488
71.1216 65.2134 -2.60605
70.412 64.7947 -2.6083
69.7815 64.4246 -2.6114
69.2175 64.0889 -2.60573
68.7295 63.7974 -2.60981
68.301 63.5429 -2.6106
67.6832 63.1822 -2.613
67.2566 62.9466 -2.61527
66.6266 62.5831 -2.61795
65.9916 62.2199 -2.6188
65.4598 61.9083 -2.61644
64.8597 61.546 -2.61362
64.1991 61.1677 -2.61535
63.6486 60.846 -2.61862
63.102 60.5312 -2.61925
62.5643 60.22 -2.6207
61.8538 59.8195 -2.62439
61.3197 59.5118 -2.62353
60.7913 59.2108 -2.62469
60.1769 58.8619 -2.62438
59.7161 58.6128 -2.62461
59.1969 58.3127 -2.6259
58.6512 58.0058 -2.63005
58.0976 57.6924 -2.6279
57.5892 57.4174 -2.62751
56.9483 57.0605 -2.62516
56.4313 56.7651 -2.62049
55.8167 56.4201 -2.6212
55.2382 56.088 -2.61661
54.571 55.7044 -2.61035
53.9145 55.3232 -2.61001
53.3872 55.012 -2.60458
52.926 54.745 -2.60035
52.3002 54.3845 -2.60169
51.5894 53.9638 -2.6063
50.9219 53.5477 -2.59852
50.3435 53.1847 -2.59874
49.8712 52.9048 -2.59804
49.3683 52.5967 -2.59669
48.775 52.2328 -2.5964
48.2817 51.9329 -2.59878
47.7594 51.6149 -2.59651
47.2223 51.2874 -2.6002
46.5932 50.9164 -2.60432
46.1245 50.6388 -2.60233
45.5483 50.2773 -2.59633
44.9118 49.9049 -2.60057
44.4246 49.6086 -2.60092
43.8009 49.2247 -2.59972
43.1964 48.8683 -2.6064
42.542 48.4713 -2.61097
42.0413 48.172 -2.60717
41.4853 47.8506 -2.61145
40.9842 47.5509 -2.61113
40.4649 47.2384 -2.61237
39.8007 46.848 -2.6148
39.1423 46.4696 -2.61671
38.822 46.2852 -2.60722
38.6493 46.1772 -2.57581
38.554 46.1248 -2.54898
38.4509 46.0636 -2.50882
38.4811 46.0875 -2.4609
38.5402 46.1306 -2.41242
38.6375 46.208 -2.37117
38.8954 46.4253 -2.30977
38.9561 46.4885 -2.26983
39.0763 46.6061 -2.22917
39.1529 46.691 -2.1711
39.1628 46.7087 -2.11983
39.1913 46.7433 -2.08522
39.1861 46.7408 -2.07175
39.1387 46.6806 -2.06741
39.0293 46.4907 -2.06458
38.856 46.1552 -2.0618
38.6233 45.6617 -2.06006
38.2861 45.0294 -2.06222
37.8614 44.2189 -2.06236
37.4661 43.4505 -2.06277
37.0784 42.713 -2.05333
36.7936 42.1547 -2.05345
36.5543 41.7353 -2.05403
36.4413 41.5173 -2.05183
36.3896 41.4073 -2.03506
36.3913 41.3999 -2.00957
36.3749 41.3566 -1.96822
36.3691 41.3198 -1.92099
36.3851 41.3308 -1.87241
36.3631 41.262 -1.81613
36.3784 41.2648 -1.75761
36.3859 41.2669 -1.68737
36.4091 41.3054 -1.63573
36.4276 41.3304 -1.58235
36.4377 41.3504 -1.52376
36.4584 41.3499 -1.47578
36.4771 41.4431 -1.42737
36.4747 41.5135 -1.37212
36.481 41.6032 -1.33691
36.4893 41.5816 -1.29251
36.4961 41.551 -1.25102
36.4843 41.6655 -1.20262
36.4742 41.7733 -1.15529
36.4653 41.8669 -1.11419
36.4557 41.963 -1.07427
36.4314 42.0888 -1.02492
36.4204 42.1659 -0.977556
36.3987 42.2509 -0.934562
36.3358 42.4509 -0.882631
36.2983 42.5736 -0.839043
36.3045 42.5863 -0.797191
36.2659 42.688 -0.750302
36.195 42.8144 -0.705571
36.1626 42.897 -0.662348
36.0674 43.0565 -0.62053
36.0394 43.1328 -0.573779
35.993 43.218 -0.52923
36.0423 43.214 -0.48521
36.0747 43.2198 -0.440339
36.0894 43.2412 -0.396468
36.1295 43.2277 -0.353116
36.31 43.155 -0.31161
36.2783 43.1803 -0.264033
36.2161 43.2128 -0.2136
36.2822 43.1995 -0.161819
36.2402 43.2246 -0.108598
36.3082 43.2362 -0.0607769
36.454 43.2176 -0.0225482
36.5635 43.2095 0.00685608
36.7148 43.1975 0.01532
36.7705 43.1874 0.0208338
36.8202 43.1723 0.0237896
36.8813 43.1644 0.0254607
36.9317 43.154 0.0285546
36.9677 43.1343 0.0296091
37.0068 43.1348 0.0314464
37.0337 43.1232 0.0324452
37.0585 43.1202 0.0328036
37.0902 43.1184 0.0333761
37.111 43.1082 0.0340939
37.1247 43.1048 0.0341228
37.1364 43.0998 0.0345608
37.16 43.0771 0.0351533
37.1818 43.0746 0.0353628
37.2071 43.0902 0.0353322
37.2174 43.0642 0.0358306
37.393 43.0458 0.0334115
37.761 43.0311 0.0349195
38.2849 43.0459 0.0301108
38.6664 43.033 0.020961
38.9924 43.0524 0.0233548
39.141 43.0519 0.0148525
39.1895 43.0459 0.00863406
39.2166 43.0438 0.00731374
39.3095 43.0428 0.0085542
39.6634 43.0444 0.00168655
40.2807 43.0458 0.00258206
40.9962 43.0445 -0.00461473
41.6891 43.049 -0.00200676
42.2596 43.0489 -0.00455415
42.6111 43.0441 -0.00042971
42.7882 43.0417 0.00393254
42.8581 43.0417 0.00386618
42.8625 43.0502 0.00452494
42.8662 43.0476 0.00656172
42.8506 43.0476 0.00751024
42.8606 43.0455 0.00880454
42.8762 43.0446 0.00977455
42.6417 43.0437 0.00941788
42.1381 43.0354 0.0109036
41.5033 43.0305 0.00978956
40.9634 43.0048 0.0143195
40.5378 42.994 0.0182149
40.2807 42.9801 0.0195584
40.2045 42.9778 0.0148971
40.272 42.978 0.0149191
40.2558 42.982 0.0134592
40.2405 42.9783 0.0145241
40.1991 42.9813 0.0127626
40.257 42.9938 0.012804
40.2435 42.9905 0.0132602
40.2444 42.9831 0.0142798
40.2535 42.9914 0.0128007
40.2711 42.9927 -0.0121255
40.2706 42.9883 -0.04306
40.2926 42.9804 -0.0817749
40.2722 42.9786 -0.10073
40.2788 42.9773 -0.11027
40.2486 42.9874 -0.111628
40.2351 42.986 -0.113463
40.196 42.9865 -0.11447
40.2414 42.9837 -0.119466
40.2244 42.9843 -0.102031
40.2178 42.9812 -0.092308
40.1767 42.9862 -0.0854568
40.1416 42.9801 -0.0819615
40.1314 42.9803 -0.0797999
40.1234 42.9813 -0.0792796
40.1295 42.979 -0.069596
40.0985 42.9822 -0.0422062
40.1097 42.9849 -0.0136324
40.08 42.9922 0.0175471
40.1306 42.9863 0.0419994
40.1481 42.9866 0.046576
40.1664 42.9856 0.051936
40.2099 42.9838 0.0560307
40.2238 42.9806 0.0588138
40.2599 42.989 0.0611221
40.2633 42.9896 0.0619345
40.2636 42.9884 0.0628896
40.2862 42.9855 0.0643306
40.2792 42.979 0.0622745
40.276 42.9785 0.040283
40.41 42.9692 -0.0156525
40.3761 42.9642 -0.0528979
40.3742 42.9603 -0.0862804
40.3612 42.9611 -0.103547
40.4002 42.9575 -0.116995
40.4302 42.9554 -0.122765
40.4791 42.9528 -0.127613
40.5155 42.9501 -0.131262
40.5056 42.9572 -0.132056
40.5084 42.9569 -0.131727
40.5097 42.9555 -0.132275
40.5627 42.9551 -0.134147
40.5621 42.9542 -0.134378
40.5832 42.9515 -0.135487
40.5639 42.9534 -0.134375
40.5643 42.9513 -0.13479
40.5351 42.9535 -0.133623
40.5364 42.951 -0.134
40.5176 42.9528 -0.133026
40.5168 42.9509 -0.133264
40.4996 42.9524 -0.132533
40.4891 42.9508 -0.132541
40.469 42.9522 -0.13197
40.458 42.9481 -0.132298
40.44 42.9473 -0.131866
40.463 42.9496 -0.132727
40.4797 42.9492 -0.133394
40.5015 42.9483 -0.133183
40.4983 42.9455 -0.10912
40.4609 42.9513 -0.0707156
40.4619 42.9543 -0.0454329
40.5335 42.9519 -0.0110941
40.6448 42.95 0.00307421
40.638 42.9452 0.00843153
40.6514 42.9426 0.0117338
40.6587 42.9502 0.0147162
40.6516 42.9527 0.0121744
40.6023 42.9541 -0.0140175
40.588 42.9522 -0.0483327
40.5917 42.9498 -0.0713989
40.5888 42.9472 -0.0850785
40.5692 42.9468 -0.0872802
40.5755 42.9445 -0.0906193
40.561 42.9461 -0.0900993
40.5258 42.9471 -0.0896262
40.5336 42.9468 -0.0911533
40.5273 42.9484 -0.0913903
40.5216 42.9516 -0.0925428
40.5128 42.9515 -0.0931645
40.5068 42.9527 -0.0936928
40.4925 42.9447 -0.0934874
40.4952 42.9382 -0.0943921
40.4791 42.9369 -0.0942955
40.4831 42.9306 -0.0949965
40.4699 42.9312 -0.0948014
40.4762 42.9272 -0.095156
40.4661 42.9274 -0.0952203
40.4731 42.9281 -0.0956839
40.465 42.9249 -0.0957236
40.4594 42.9297 -0.0960197
40.4575 42.929 -0.096227
40.4517 42.9291 -0.0963283
40.4498 42.9288 -0.0963193
40.4413 42.9315 -0.0962282
40.4263 42.9305 -0.0959309
40.4232 42.9364 -0.0956944
40.4176 42.9344 -0.0958569
40.4074 42.9338 -0.0956024
40.4076 42.9296 -0.0957611
40.3998 42.9299 -0.0957262
40.3961 42.9342 -0.095676
40.3932 42.9335 -0.0957979
40.3949 42.9375 -0.0960085
40.3944 42.938 -0.0960455
40.3941 42.938 -0.0962641
40.3938 42.9373 -0.0963132
40.386 42.939 -0.0961655
40.3853 42.9384 -0.0961826
40.3782 42.9401 -0.0961338
40.3792 42.9397 -0.0961752
40.3778 42.9397 -0.0963793
40.3765 42.9395 -0.0963947
40.3758 42.9341 -0.0964715
40.3699 42.9331 -0.0965649
40.3678 42.9335 -0.0965097
40.3657 42.9316 -0.0966022
40.3595 42.9313 -0.0964623
40.3597 42.9352 -0.096461
40.3575 42.9355 -0.096464
40.3573 42.9368 -0.0966443
40.3539 42.9366 -0.0965878
40.353 42.9365 -0.0965966
40.3477 42.9361 -0.0966061
40.345 42.9358 -0.0964965
40.286 42.9408 -0.09646
39.7272 42.9933 -0.0936844
38.8758 43.0638 -0.0938307
37.8481 43.158 -0.0910702
37.0333 43.2376 -0.0971821
36.5023 43.2928 -0.100929
36.1821 43.3292 -0.105608
36.0568 43.3507 -0.110165
36.0172 43.3499 -0.104635
36.0511 43.3513 -0.105164
36.0178 43.3519 -0.102304
36.4464 43.3063 -0.0999366
37.1419 43.2335 -0.104366
37.7314 43.1673 -0.109835
38.0489 43.1338 -0.105269
38.4584 43.0872 -0.106019
38.6288 43.0695 -0.103997
38.7582 43.0515 -0.108608
38.897 43.0359 -0.110549
38.8911 43.0355 -0.0982275
38.9 43.0332 -0.067757
38.9508 43.0315 -0.0298428
38.9042 43.0395 0.00187016
39.0152 43.0378 0.0286657
39.0192 43.0405 0.0355137
39.021 43.0413 0.0402966
39.0476 43.0346 0.0441441
39.0516 43.035 0.045949
39.0909 43.039 0.0473704
39.1098 43.0346 0.0494089
39.108 43.0341 0.0500434
39.1055 43.0333 0.0501622
39.1424 43.0345 0.0510704
39.6255 43.0623 0.0520634
40.4595 43.1115 0.0550856
41.5075 43.1798 0.0655652
42.4046 43.2354 0.0543549
43.3937 43.2883 0.0519068
44.4703 43.3568 0.0621908
45.2691 43.4044 0.0622568
46.363 43.4728 0.0644521
47.2854 43.5307 0.0619439
48.081 43.5778 0.0584752
48.8929 43.6241 0.0560859
49.5307 43.6545 0.0570601
50.1183 43.6853 0.0573531
50.6675 43.7158 0.0541989
51.2837 43.7532 0.060441
51.8701 43.79 0.06299
52.4336 43.8226 0.056278
52.9626 43.8566 0.0590401
53.5168 43.8864 0.0546732
54.2227 43.9285 0.0608676
54.8172 43.9657 0.0591821
55.4106 44.0006 0.0575287
56.0356 44.0409 0.0543781
56.61 44.0747 0.0590291
57.3045 44.1152 0.061495
57.9757 44.16 0.0672913
58.654 44.2028 0.0597026
59.3495 44.2582 0.0654278
60.174 44.3152 0.0682706
60.5669 44.3451 0.069166
60.8923 44.3678 0.0757866
60.9889 44.3732 0.0774495
60.8431 44.3599 0.0837087
60.469 44.3261 0.0875108
60.1752 44.2941 0.092002
59.6839 44.2423 0.098236
59.1462 44.1853 0.098302
58.4675 44.1209 0.0955497
57.8251 44.0545 0.0994651
57.2237 43.9928 0.100153
56.6128 43.9281 0.100112
55.9463 43.8612 0.101264
55.2291 43.7864 0.0988107
54.5721 43.7223 0.0987354
53.9477 43.6572 0.101
53.2032 43.5867 0.0929218
52.6319 43.5289 0.0986515
52.0091 43.4657 0.0985855
51.2965 43.4028 0.0873501
50.614 43.3417 0.0870178
49.9202 43.2832 0.0839138
49.3058 43.2275 0.0884363
48.6777 43.173 0.0840313
47.8352 43.1089 0.0747518
47.207 43.0615 0.0787412
46.6605 43.0149 0.088907
46.1626 42.9732 0.0818177
45.5402 42.9224 0.0812611
44.9068 42.8634 0.0797525
44.1801 42.8065 0.0758198
43.5453 42.7553 0.0784603
42.9198 42.7034 0.0817778
42.147 42.6492 0.0704019
41.4817 42.5974 0.077435
40.8961 42.5473 0.0845797
40.39 42.5002 0.087682
39.8746 42.4553 0.0819067
39.6117 42.4423 0.0790902
39.523 42.426 0.0812725
39.5309 42.4258 0.0839966
39.5181 42.4238 0.0824632
39.6042 42.4307 0.0818834
39.918 42.4539 0.0778771
40.2789 42.4807 0.0730798
40.5166 42.4983 0.0735373
40.5676 42.5022 0.0750278
40.5716 42.5015 0.0731135
40.559 42.5004 0.0744978
40.5395 42.4997 0.0737227
40.5294 42.4976 0.0789057
40.2435 42.4757 0.0815027
39.7069 42.4296 0.0862162
39.4255 42.4067 0.096159
39.3296 42.3964 0.112156
39.2957 42.3908 0.119617
39.2576 42.3849 0.122105
39.2188 42.3855 0.122603
39.1775 42.3829 0.122751
39.1884 42.3824 0.124643
39.4899 42.4211 0.123208
39.8601 42.4707 0.126496
39.9961 42.4844 0.128164
40.0152 42.4776 0.125904
39.9862 42.474 0.124083
39.9543 42.471 0.125636
39.9421 42.4695 0.126101
39.9317 42.4691 0.126088
39.9349 42.4685 0.126214
39.9122 42.4661 0.111952
39.817 42.4552 0.0738392
39.742 42.4451 0.0152286
39.7499 42.443 -0.00730773
39.7449 42.4411 -0.0383142
39.7339 42.4401 -0.0583547
39.7129 42.4329 -0.0617689
39.6917 42.4322 -0.0664759
39.683 42.4325 -0.071059
39.6627 42.4321 -0.0709439
39.648 42.4319 -0.0718899
39.6339 42.4309 -0.0728206
39.6274 42.429 -0.0740377
39.5566 42.4328 -0.0749481
39.1116 42.4676 -0.0798204
38.5339 42.5252 -0.0864111
38.0829 42.5643 -0.0846663
37.9219 42.5845 -0.0940271
37.9444 42.5847 -0.0977232
37.9925 42.5829 -0.0997407
38.0322 42.5793 -0.0993001
38.1139 42.5748 -0.0996382
38.1445 42.5737 -0.0995598
38.127 42.5752 -0.0896092
38.1157 42.5778 -0.0591493
38.0919 42.5818 -0.0365546
38.1828 42.5818 -0.0163093
38.1959 42.5776 -0.00863566
38.1739 42.579 -0.00551602
38.1628 42.5788 -0.00354809
38.1254 42.5795 -0.00200339
38.11 42.5796 -0.000932214
38.0912 42.5819 -0.000487411
38.0704 42.582 0.000907708
38.0516 42.582 0.000809286
38.0368 42.5823 0.00101011
38.0207 42.5826 0.00158646
38.0091 42.5813 0.00189576
38.0051 42.581 0.00253381
37.9969 42.5799 0.00305364
37.9907 42.5793 0.00321116
37.9815 42.5783 0.00330777
37.98 42.5778 0.00388773
37.9711 42.5775 0.0038687
37.9669 42.5773 0.00421709
37.9667 42.5775 0.00375153
37.9684 42.577 0.00391479
37.9693 42.5755 0.00374418
37.9657 42.5749 0.00400082
37.9614 42.5746 0.00396483
37.9559 42.5744 0.00426038
37.9526 42.5743 0.00426373
37.9514 42.5682 0.00460026
37.9458 42.5669 0.00455255
37.9406 42.5686 0.00474656
37.9355 42.5676 0.00478225
37.9334 42.5612 0.004974
37.9324 42.5615 0.00494405
37.93 42.5607 0.00501585
37.926 42.5608 0.00509873
37.9226 42.5607 0.00536971
37.9207 42.5615 0.00546113
37.9212 42.5607 0.00534884
37.9186 42.5649 0.0054873
37.9165 42.5643 0.00557666
37.911 42.5596 0.00579305
37.9119 42.56 0.00588597
37.9012 42.5524 0.00616109
37.9023 42.5525 0.00623027
37.8988 42.5482 0.006398
37.8974 42.5485 0.00638591
37.889 42.5438 0.00656104
37.8882 42.544 0.00659997
37.886 42.5438 0.00661264
37.8861 42.5441 0.00666566
37.8884 42.5512 0.00667812
37.8884 42.5506 0.00659834
37.8867 42.5506 0.00673271
37.884 42.556 0.00674455
37.883 42.5557 0.0067087
37.8831 42.5511 0.0068493
37.8795 42.5501 0.00680769
37.8795 42.5453 0.00693121
37.8807 42.5451 0.00685641
37.8778 42.5435 0.00696102
37.8789 42.5434 0.00688893
37.8767 42.5431 0.00693927
37.8746 42.5429 0.00693333
37.8716 42.5471 0.00698907
37.8695 42.5474 0.00696316
37.8677 42.5471 0.00703557
37.866 42.547 0.00703069
37.8656 42.5454 0.00712088
37.8628 42.5453 0.00710788
37.8618 42.5437 0.00718031
37.8602 42.5436 0.00717063
37.8608 42.5419 0.00722974
37.8582 42.5419 0.00722254
37.8585 42.5403 0.00726485
37.8573 42.5395 0.00728532
37.8586 42.5397 0.00731644
37.8565 42.54 0.00729626
37.8559 42.54 0.00732971
37.8542 42.5403 0.00734472
37.8526 42.5395 0.00739265
37.8511 42.5397 0.00737599
37.8498 42.54 0.00742557
37.8478 42.5402 0.00740257
37.8473 42.5391 0.00744551
37.8467 42.5388 0.00741498
37.8455 42.5386 0.00748811
37.8483 42.5401 0.00736435
37.8471 42.5398 0.00743052
37.8469 42.5384 0.00738616
37.8457 42.5382 0.00746116
37.8429 42.5366 0.0074761
37.8413 42.5367 0.00745193
37.8401 42.5369 0.00754442
37.8392 42.5369 0.00760644
37.8344 42.534 0.00772703
37.8335 42.5344 0.00777342
37.8312 42.5339 0.00784579
37.8321 42.5341 0.00786681
37.8302 42.5337 0.00792028
37.8296 42.533 0.00790217
37.829 42.533 0.00795405
37.8301 42.5323 0.00786671
37.8298 42.5327 0.00792423
37.8307 42.5324 0.0078974
37.8309 42.5312 0.00783107
37.8296 42.5308 0.00781457
37.8293 42.53 0.00788049
37.8294 42.5308 0.00781597
37.83 42.5303 0.00785192
37.8294 42.5303 0.00786648
37.8284 42.5292 0.00788322
37.8286 42.5281 0.00782178
37.8288 42.5262 0.00786045
37.8284 42.5228 0.00784323
37.8283 42.5242 0.00787762
37.8274 42.5231 0.00790152
37.8274 42.5183 0.00789449
37.827 42.5177 0.00794928
37.8272 42.5183 0.00791193
37.8264 42.5175 0.00794444
37.8254 42.5179 0.007895
37.8263 42.5165 0.0079313
37.8263 42.5135 0.00796909
37.8261 42.5128 0.00800466
37.8264 42.508 0.00803223
37.8259 42.5076 0.00806085
37.8251 42.5062 0.0080719
37.8239 42.506 0.00803336
37.8242 42.5054 0.00809327
37.8239 42.5059 0.00803669
37.8231 42.5054 0.00809944
37.8217 42.5056 0.00805143
37.8213 42.5008 0.00811999
37.8206 42.5015 0.00808186
37.8202 42.5009 0.00813854
37.819 42.5015 0.00810854
37.819 42.5007 0.00817808
37.8173 42.4996 0.00815877
37.8171 42.4992 0.00816699
37.8165 42.4996 0.00819291
37.8177 42.4998 0.00818509
37.8163 42.4998 0.00822663
37.8161 42.4992 0.00823579
37.8153 42.4996 0.00826659
37.8147 42.4993 0.00829838
37.8141 42.4976 0.00829541
37.8139 42.4972 0.00832944
37.8126 42.4927 0.00828795
37.8123 42.4923 0.00832187
37.8121 42.4915 0.00837131
37.8119 42.4909 0.00836435
37.8114 42.4906 0.0083721
37.8108 42.4903 0.00832935
37.8101 42.4898 0.00837898
37.8095 42.4902 0.00833988
37.809 42.4896 0.00840093
37.8079 42.4891 0.00835937
37.8077 42.4885 0.00841388
37.8086 42.4921 0.00840201
37.8084 42.4917 0.00840506
37.8077 42.4917 0.00842548
37.8075 42.4922 0.00843388
37.8077 42.492 0.00841306
37.8077 42.4916 0.00842557
37.8074 42.491 0.00846798
37.8071 42.4915 0.00843278
37.8072 42.4907 0.00847678
37.8083 42.4934 0.00848585
37.8084 42.4936 0.00845715
37.809 42.4962 0.00847462
37.8094 42.4964 0.00844966
37.8088 42.493 0.00848973
37.8087 42.4927 0.00847105
37.8108 42.4954 0.00846287
37.8107 42.495 0.00847685
37.8112 42.4947 0.00846296
37.8111 42.4914 0.00849922
37.8109 42.4906 0.0085368
37.8108 42.4907 0.00851567
37.8103 42.4901 0.00857041
37.8097 42.4906 0.00854942
37.8097 42.4903 0.00858893
37.8098 42.4894 0.00855671
37.8104 42.4888 0.00860273
37.8103 42.4898 0.00858373
37.8109 42.4892 0.00862941
37.8101 42.4887 0.00862377
37.8101 42.4882 0.00867199
37.8093 42.4887 0.00866161
37.8099 42.4884 0.0087049
37.8091 42.4884 0.00870408
37.8097 42.4877 0.00874615
37.808 42.485 0.00877139
37.8085 42.4858 0.00875729
37.8081 42.4827 0.00877278
37.8079 42.4823 0.00878505
37.8081 42.4827 0.00878174
37.8073 42.4823 0.00880136
37.8067 42.4816 0.00880873
37.8066 42.4821 0.00877907
37.8069 42.4814 0.0088161
37.8077 42.4843 0.00880185
37.808 42.4844 0.00878369
37.8075 42.4861 0.008796
37.8074 42.4862 0.00880314
37.8069 42.486 0.00879194
37.8069 42.4858 0.00881782
37.8065 42.485 0.00880067
37.8063 42.4848 0.00881821
37.8069 42.484 0.00879283
37.8071 42.4825 0.00882263
37.8065 42.4812 0.00880362
37.8063 42.4812 0.00878243
37.8061 42.4807 0.00881388
37.8057 42.4812 0.00878147
37.8062 42.4809 0.00881733
37.8064 42.4815 0.00881728
37.8069 42.4817 0.00881248
37.8065 42.4788 0.00883258
37.8059 42.4783 0.00883347
37.8059 42.4784 0.0088074
37.8061 42.4782 0.00882448
37.8057 42.478 0.00880891
37.8057 42.4792 0.00882299
37.8053 42.4784 0.00881469
37.8053 42.4761 0.00884416
37.8051 42.4756 0.00887395
37.805 42.476 0.00883827
37.8048 42.4753 0.00886712
37.8051 42.4758 0.00890522
37.8055 42.4759 0.0088959
37.8052 42.4761 0.00889561
37.8055 42.4759 0.00890769
37.8053 42.4751 0.00892365
37.8051 42.4756 0.0089045
37.8052 42.4752 0.00892089
37.8049 42.476 0.00892063
37.8049 42.4754 0.0089358
37.8047 42.4753 0.00892634
37.8047 42.4752 0.00892396
37.8046 42.4748 0.00895437
37.8042 42.4754 0.00894827
37.8044 42.4751 0.00897703
37.8043 42.4763 0.00897313
37.8044 42.4755 0.00898478
37.8048 42.4758 0.00899046
37.8045 42.4758 0.00901091
37.8043 42.4758 0.0090051
37.804 42.4758 0.00899615
37.8036 42.4753 0.00902651
37.8032 42.4748 0.00900438
37.8036 42.4745 0.00902489
37.8035 42.4744 0.00903762
37.8027 42.4736 0.00903724
37.8029 42.4735 0.00902518
37.8029 42.4731 0.00902776
37.8026 42.473 0.00906892
37.8015 42.4709 0.00908789
37.8023 42.4706 0.00904916
37.8025 42.4708 0.00906081
37.8023 42.468 0.00907337
37.8024 42.4678 0.00909809
37.8014 42.4663 0.00912761
37.8016 42.466 0.00913018
37.8014 42.4663 0.00913707
37.8011 42.466 0.00915804
37.8006 42.4631 0.00916109
37.8003 42.4629 0.00913676
37.8 42.4624 0.00917376
37.8 42.4628 0.00916824
37.8004 42.4625 0.00917365
37.8004 42.4656 0.00915833
37.8004 42.4654 0.00916211
37.8002 42.4643 0.00915826
37.8001 42.4644 0.00914068
37.7999 42.4638 0.00916365
37.8006 42.4665 0.00915449
37.8007 42.4664 0.009174
37.8007 42.4668 0.0091624
37.8005 42.4657 0.00917633
37.8004 42.4627 0.00919259
37.8006 42.4623 0.0091828
37.8003 42.4618 0.00918134
37.7998 42.4622 0.00916047
37.7997 42.4616 0.00916454
37.7991 42.4616 0.00917999
37.7987 42.4609 0.00918091
37.7986 42.4608 0.00917135
37.7979 42.4617 0.0091675
37.7973 42.4613 0.00918611
37.797 42.4608 0.00919991
37.797 42.4609 0.00919081
37.7976 42.464 0.00917107
37.7974 42.4638 0.00918937
37.7969 42.4656 0.00918666
37.7966 42.4653 0.00916122
37.7967 42.4648 0.00918079
37.7964 42.4651 0.00919227
37.7966 42.4651 0.00917177
37.7965 42.4654 0.00917421
37.796 42.4641 0.00917381
37.796 42.4637 0.00919806
37.7958 42.4644 0.00919248
37.7961 42.4644 0.00917671
37.7959 42.4647 0.00918234
37.7958 42.4627 0.00919985
37.7957 42.4623 0.00920384
37.7956 42.4627 0.00918163
37.7957 42.4622 0.00920551
37.7943 42.4605 0.00922778
37.7945 42.4606 0.0092145
37.7945 42.4607 0.00921702
37.7942 42.4604 0.00922928
37.7945 42.4599 0.00922515
37.7949 42.4597 0.0091893
37.7955 42.4594 0.00920227
37.7955 42.4583 0.00920607
37.7957 42.4581 0.00919295
37.7958 42.458 0.00918123
37.7961 42.4586 0.0091916
37.796 42.4576 0.00919645
37.7961 42.458 0.0091769
37.7965 42.4577 0.00919021
37.7964 42.4612 0.00918033
37.7965 42.4606 0.00918373
37.7968 42.4607 0.00918554
37.7963 42.4599 0.00917777
37.7961 42.4597 0.009189
37.7961 42.4599 0.009181
37.7968 42.459 0.00918587
37.7968 42.4587 0.00918822
37.7972 42.4559 0.00917573
37.7973 42.4554 0.00919402
37.7971 42.4562 0.00919664
37.7969 42.4561 0.00920254
37.7974 42.4559 0.00918694
37.7973 42.4558 0.00918819
37.7972 42.4557 0.00920726
37.7971 42.456 0.00918691
37.7976 42.4556 0.00920025
37.7977 42.4565 0.00920857
37.7978 42.4561 0.00920208
37.7981 42.4564 0.00919574
37.7983 42.4543 0.00920759
37.7981 42.4536 0.00921293
37.7983 42.4544 0.0092013
37.7986 42.4542 0.00920621
37.7986 42.4527 0.00920585
37.7986 42.4524 0.00921534
37.7985 42.4519 0.00922521
37.7986 42.4521 0.00920268
37.7985 42.4519 0.0092182
37.7983 42.4526 0.00922459
37.7983 42.4524 0.00923401
37.7982 42.4517 0.00922713
37.7976 42.4517 0.00922004
37.7974 42.4513 0.00924358
37.7974 42.4525 0.00925122
37.7977 42.4525 0.00925685
37.7972 42.4504 0.0092834
37.7976 42.4501 0.00928227
37.7981 42.4497 0.00926289
37.7978 42.4505 0.00925648
37.7976 42.4501 0.00925605
37.7983 42.4515 0.00924246
37.7985 42.4516 0.00924309
37.7987 42.4494 0.00925901
37.7986 42.4496 0.0092642
37.7985 42.4494 0.00926394
37.7995 42.4509 0.00923496
37.7999 42.4505 0.0092324
37.7997 42.4504 0.00922069
37.7994 42.4502 0.00920543
37.7993 42.4499 0.0092037
37.7995 42.4476 0.0092069
37.7998 42.4474 0.00920928
37.7997 42.4467 0.00922722
37.8002 42.4474 0.00920257
37.8005 42.4475 0.0091995
37.8002 42.4477 0.00919621
37.8003 42.4461 0.00920831
37.8002 42.446 0.00921206
37.8001 42.4463 0.00919459
37.8001 42.446 0.00920492
37.8 42.4465 0.00920804
37.8003 42.4463 0.00920678
37.8002 42.4458 0.0092143
37.8005 42.4469 0.00918736
37.8004 42.4466 0.00918717
37.8007 42.4463 0.00918012
37.8005 42.4461 0.00918924
37.8003 42.4458 0.00919205
37.8001 42.4461 0.00917998
37.8 42.4458 0.00917866
37.7996 42.4485 0.00916896
37.7996 42.4483 0.00917561
37.7995 42.4482 0.00916982
37.7995 42.4482 0.00916535
37.7992 42.448 0.00918639
37.7991 42.4483 0.00919155
37.7993 42.4483 0.00918983
37.7995 42.4485 0.00918587
37.7993 42.4484 0.00918236
37.7991 42.4482 0.00919531
37.7986 42.4481 0.00920155
37.7992 42.4482 0.00919297
37.799 42.4484 0.0091947
37.7995 42.4495 0.00917669
