40 40 -9.75782e-19
39.9354 39.9737 0.00323017
39.9431 39.8379 0.0019601
39.9059 39.7409 0.00502267
39.8682 39.6954 0.00573974
39.8994 39.6814 0.00447517
39.9116 39.6654 0.00448223
39.8764 39.6774 0.0054468
39.9189 39.7101 0.00513257
39.9245 39.7264 0.00510714
39.9089 39.7222 0.00536419
39.9595 39.7254 0.00353161
40.0963 39.7217 0.00324252
40.3966 39.7157 0.00165436
40.6416 39.629 0.00292126
40.993 39.6464 0.00523756
41.3561 39.6375 0.000846678
41.7843 39.6409 0.0032953
42.2894 39.6623 0.00640665
42.6936 39.6321 0.00556848
43.2726 39.6548 0.00458602
43.8853 39.6715 0.00505607
44.4989 39.6802 0.00361328
45.3683 39.72 0.000958236
46.0324 39.7564 0.00533678
46.8419 39.7578 0.00450357
47.5164 39.7647 0.00634494
48.1504 39.7584 0.00572764
48.9682 39.7895 0.00634033
49.6764 39.8208 0.0109858
50.3622 39.8264 0.00719088
50.9283 39.8168 0.00756857
51.5672 39.8284 0.00750604
52.3088 39.8264 0.0121463
52.9184 39.8206 0.0111915
53.6749 39.8005 0.0101744
54.3918 39.7988 0.0144031
55.0055 39.7599 0.0155974
55.8862 39.793 0.0134596
56.6054 39.8081 0.0173801
57.2934 39.8231 0.0201603
58.0962 39.8727 0.0184816
58.7628 39.888 0.0223238
59.6977 39.9366 0.0246377
60.2449 39.9241 0.0258737
60.8994 39.9356 0.0221128
61.5837 39.9506 0.0265093
62.1822 39.9538 0.024562
62.9307 39.9714 0.0168062
63.75 39.9899 0.024129
64.3718 39.9801 0.0208629
65.1592 39.9962 0.0196924
65.8242 40.016 0.0219558
66.5704 40.0301 0.0196418
67.2238 40.0413 0.0195189
68.011 40.0491 0.0187935
68.8511 40.0671 0.0146503
69.474 40.0775 0.0149868
70.1693 40.0845 0.00585167
70.805 40.0926 0.00954771
71.3567 40.0959 0.012005
72.0166 40.0975 0.00297345
72.8088 40.1067 0.00493288
73.5786 40.1133 0.00256243
74.2323 40.1142 0.0067657
74.8269 40.1223 0.0112884
75.4729 40.1125 0.0132262
76.1668 40.1131 0.00711694
76.8657 40.1132 0.00606515
77.535 40.1245 0.0121417
78.1907 40.1473 0.00841484
78.9341 40.1507 0.00895704
79.6104 40.1615 0.015502
80.3601 40.1684 0.0156626
80.9898 40.1775 0.0176944
81.6425 40.1863 0.0158617
82.4597 40.2031 0.0159806
83.1444 40.2194 0.0178293
83.9484 40.2499 0.0291523
84.747 40.2709 0.0316627
85.5473 40.2885 0.029324
86.3593 40.3178 0.03362
86.9595 40.3336 0.0304228
87.6847 40.3584 0.0261622
88.349 40.388 0.0316957
88.9821 40.4093 0.0292743
89.6993 40.4282 0.0197835
90.377 40.4526 0.0298445
90.9539 40.4707 0.0219309
91.6292 40.4873 0.0200416
92.1204 40.485 0.0234809
92.8435 40.5044 0.0189859
93.4927 40.524 0.0174294
94.105 40.5464 0.0182808
94.8362 40.5693 0.0164098
95.4205 40.5794 0.0156162
96.0888 40.5731 0.0137108
96.6972 40.5915 0.015101
97.323 40.5995 0.00946301
98.0626 40.6136 0.0161688
98.8252 40.6246 0.0119626
99.6128 40.6477 0.0105522
100.296 40.6565 0.00771532
100.924 40.6489 0.0101415
101.834 40.6639 0.0142119
102.487 40.6589 0.00858377
103.299 40.6688 0.011302
103.966 40.6791 0.0174287
104.622 40.6899 0.0164976
105.498 40.7077 0.0210014
106.173 40.7189 0.0130465
106.83 40.7297 0.0169942
107.707 40.7509 0.0230373
108.283 40.7658 0.0205118
109.022 40.779 0.0189545
109.648 40.7884 0.0126085
110.308 40.7983 0.0160559
111.091 40.8115 0.0153016
111.926 40.829 0.0232982
112.718 40.8527 0.0281022
113.396 40.8692 0.0236779
114.101 40.8861 0.0240795
114.824 40.8909 0.027112
115.526 40.9083 0.0305372
116.239 40.9133 0.0275425
116.94 40.9358 0.0313443
117.733 40.9659 0.0341787
118.684 41.0049 0.0442767
119.31 41.0281 0.0347834
120.054 41.0536 0.0323992
120.708 41.075 0.0323146
121.359 41.1016 0.0348248
122.151 41.1318 0.0339315
122.944 41.1583 0.0310477
123.638 41.1821 0.0290991
124.428 41.1995 0.0202511
125.116 41.2181 0.0245661
125.889 41.2336 0.0206017
126.56 41.248 0.0191341
127.23 41.2591 0.0149471
127.997 41.282 0.0138451
128.639 41.3003 0.0111711
129.352 41.3083 0.0118744
130.026 41.3161 0.013102
130.65 41.3253 0.0102142
131.405 41.3346 0.0139337
132.041 41.3484 0.0205983
132.745 41.3668 0.0207625
133.419 41.3791 0.0207914
134.023 41.3914 0.0241855
134.766 41.4115 0.0251958
135.412 41.4314 0.0280461
136.046 41.4438 0.0208535
136.794 41.4649 0.0224216
137.476 41.481 0.0211653
138.253 41.495 0.0186513
138.934 41.5115 0.0237871
139.605 41.5241 0.0218881
140.416 41.5471 0.0262602
141.066 41.5651 0.0267604
141.863 41.5861 0.0294622
142.549 41.6084 0.0324144
143.247 41.6264 0.0318339
144.133 41.6627 0.0409757
144.799 41.6886 0.038542
145.556 41.7137 0.0349765
146.207 41.7369 0.0389246
146.866 41.7569 0.0309614
147.603 41.7797 0.0348898
148.251 41.8001 0.0358426
149.008 41.8252 0.0333381
149.657 41.8421 0.0299176
150.341 41.8631 0.0278648
151.131 41.8886 0.0298006
151.783 41.9079 0.0294968
152.437 41.9248 0.0275775
153.208 41.9455 0.0239969
153.877 41.9632 0.0237349
154.622 41.9783 0.0211104
155.271 41.9892 0.0175249
155.939 41.9992 0.0173764
156.695 42.0107 0.0155194
157.354 42.0184 0.0161889
158.111 42.0267 0.0168684
158.779 42.0391 0.0171711
159.429 42.0539 0.022227
160.172 42.0623 0.0179121
160.842 42.0729 0.0201077
161.507 42.0806 0.0190165
162.269 42.0931 0.0195138
162.897 42.0992 0.0173652
163.613 42.1088 0.018647
164.2 42.1148 0.0215528
164.818 42.1298 0.0224787
165.569 42.1433 0.022196
166.248 42.1568 0.0225542
167.023 42.1712 0.0242452
167.712 42.1862 0.0254296
168.37 42.1958 0.0235254
169.145 42.2168 0.0279813
169.841 42.2351 0.0277407
170.55 42.2552 0.0313455
171.376 42.2763 0.0303491
172.069 42.2945 0.0331137
172.745 42.3135 0.0346765
173.151 42.3272 0.0372007
173.38 42.3296 0.0376488
173.481 42.3401 0.0390028
173.546 42.3403 0.0391273
173.603 42.3385 0.0381896
173.656 42.3363 0.038867
173.707 42.3327 0.0448637
173.739 42.3292 0.0673758
173.798 42.3288 0.0953278
173.876 42.3293 0.13912
173.951 42.3309 0.179756
174.044 42.3392 0.225603
174.136 42.3482 0.260379
174.169 42.3482 0.270038
174.401 42.406 0.278327
174.904 42.5561 0.283903
175.493 42.7303 0.285928
176.179 42.9375 0.287952
177.099 43.2106 0.291891
177.781 43.4148 0.289637
178.609 43.663 0.287347
179.284 43.8634 0.290039
179.963 44.0646 0.288434
180.736 44.2908 0.286492
181.389 44.478 0.284245
182.168 44.7042 0.286899
182.802 44.8877 0.285111
183.459 45.078 0.284752
184.152 45.278 0.281322
184.781 45.4574 0.280032
185.452 45.6466 0.278319
186.048 45.8135 0.280378
186.637 45.9798 0.280178
187.316 46.1721 0.283366
187.975 46.3626 0.28584
188.578 46.5336 0.28309
189.285 46.7375 0.283639
189.869 46.9022 0.283004
190.621 47.1206 0.284644
191.284 47.3095 0.285575
191.918 47.4882 0.284671
192.649 47.6952 0.283481
193.259 47.8708 0.286624
194.06 48.1064 0.29563
194.721 48.3005 0.294696
195.413 48.5085 0.30096
196.145 48.7323 0.302464
196.828 48.941 0.303702
197.539 49.1627 0.311245
198.197 49.3676 0.308261
198.65 49.5049 0.309237
199.004 49.6101 0.313518
199.164 49.6551 0.317196
199.245 49.6758 0.318556
199.317 49.6902 0.318699
199.364 49.6974 0.318534
199.417 49.7065 0.318416
199.459 49.7123 0.318425
199.498 49.7171 0.318344
199.518 49.7173 0.317883
199.534 49.7164 0.318062
199.555 49.7177 0.31833
199.561 49.7125 0.327501
199.574 49.7095 0.348846
199.596 49.7099 0.38813
199.621 49.7128 0.42117
199.655 49.7196 0.469718
199.644 49.7071 0.529494
199.624 49.6919 0.587929
199.598 49.6712 0.638069
199.666 49.6981 0.703479
199.51 49.5903 0.750747
199.611 49.6396 0.80892
199.663 49.6657 0.85186
199.677 49.6641 0.891996
199.683 49.6618 0.939327
199.712 49.6811 0.980871
199.688 49.6474 1.02078
199.653 49.6183 1.07339
199.611 49.5586 1.12061
199.596 49.5432 1.16361
199.554 49.4854 1.22297
199.461 49.3288 1.27289
199.362 49.1534 1.33288
199.332 49.0715 1.38032
199.319 49.0306 1.42717
199.319 49.022 1.47594
199.319 49.0102 1.52731
199.291 48.983 1.57829
199.294 48.9948 1.63321
199.282 49.0385 1.68401
199.277 49.0782 1.73574
199.273 49.0999 1.77855
199.275 49.1383 1.82894
199.258 49.161 1.88275
199.255 49.1309 1.92706
199.251 49.1472 1.97883
199.246 49.1621 2.03563
199.255 49.1522 2.08728
199.249 49.1808 2.14241
199.232 49.2319 2.19362
199.239 49.2398 2.23959
199.247 49.247 2.29161
199.214 49.287 2.34041
199.241 49.2609 2.39042
199.269 49.2464 2.44438
199.296 49.2144 2.48832
199.294 49.2289 2.53789
199.306 49.2154 2.58008
199.306 49.2236 2.62796
199.282 49.2457 2.65578
199.233 49.2933 2.66686
199.143 49.3564 2.67047
198.901 49.4825 2.67452
198.449 49.7069 2.68029
197.793 50.025 2.67674
197.209 50.2911 2.68022
196.441 50.6893 2.68092
195.791 51.0104 2.68259
195.069 51.3626 2.68248
194.276 51.7578 2.68583
193.544 52.1219 2.6845
192.736 52.5275 2.68497
192.067 52.858 2.68798
191.496 53.1304 2.68686
190.784 53.4878 2.68863
190.206 53.7749 2.68639
189.663 54.054 2.68525
188.996 54.3909 2.68248
188.439 54.6763 2.6803
187.766 55.0131 2.6799
187.159 55.3222 2.6781
186.57 55.6241 2.68207
185.913 55.9558 2.68432
185.346 56.2419 2.68617
184.732 56.54 2.68392
184.087 56.8566 2.68876
183.511 57.1309 2.68805
182.832 57.4592 2.69193
182.27 57.7249 2.69156
181.687 58.0066 2.69132
181.034 58.3303 2.68504
180.484 58.6 2.68358
179.815 58.9329 2.68287
179.322 59.1804 2.68192
178.803 59.4426 2.67839
178.18 59.7598 2.67921
177.614 60.0459 2.68004
177.053 60.3298 2.68155
176.364 60.6783 2.68359
175.799 60.9589 2.68405
175.111 61.299 2.68433
174.54 61.5856 2.68692
173.982 61.8611 2.6883
173.314 62.187 2.69146
172.764 62.4599 2.68816
172.187 62.7486 2.68761
171.477 63.1043 2.68649
170.902 63.3881 2.68722
170.119 63.7745 2.68562
169.49 64.0885 2.68462
168.835 64.4117 2.68321
168.159 64.7462 2.68155
167.554 65.0486 2.68299
166.962 65.3456 2.68225
166.219 65.7107 2.68326
165.626 66.004 2.68574
164.908 66.3624 2.68212
164.308 66.6628 2.68195
163.733 66.947 2.68137
163.064 67.2771 2.67927
162.435 67.5909 2.68013
161.814 67.9026 2.68125
161.103 68.2532 2.6815
160.516 68.5435 2.67958
159.805 68.8989 2.67951
159.162 69.2182 2.68179
158.463 69.5619 2.68213
157.642 69.9692 2.6801
156.943 70.3179 2.68296
156.278 70.6442 2.68465
155.581 70.9851 2.68738
154.937 71.3 2.68621
154.193 71.6715 2.68271
153.578 71.974 2.68399
152.959 72.2757 2.68343
152.268 72.6184 2.68436
151.636 72.9247 2.68584
151.067 73.2014 2.68858
150.335 73.5561 2.69024
149.76 73.8349 2.69141
149.081 74.157 2.69712
148.518 74.4245 2.69743
147.887 74.7246 2.70169
147.232 75.0348 2.69956
146.667 75.3031 2.69955
146.105 75.5687 2.69848
145.438 75.8892 2.69546
144.851 76.1718 2.69556
144.18 76.4933 2.69549
143.592 76.7752 2.69707
142.961 77.0792 2.69467
142.284 77.4023 2.69194
141.678 77.6948 2.69317
141.04 78.0007 2.69064
140.293 78.3641 2.69132
139.651 78.6739 2.69135
138.989 78.9939 2.68958
138.591 79.1862 2.68924
138.358 79.2987 2.68939
138.274 79.3385 2.6898
138.234 79.3567 2.6947
138.198 79.3729 2.71295
138.146 79.393 2.7393
138.133 79.4047 2.76175
138.111 79.4152 2.76916
138.097 79.4268 2.77125
138.131 79.3993 2.77039
138.115 79.3981 2.77256
138.02 79.433 2.77415
137.667 79.5652 2.77529
136.964 79.8287 2.77982
136.283 80.0824 2.78224
135.373 80.4159 2.78688
134.584 80.7045 2.78549
133.799 80.984 2.78752
132.877 81.3241 2.78605
132.087 81.6193 2.78276
131.267 81.9221 2.78682
130.439 82.2266 2.78429
129.68 82.5105 2.78117
129.057 82.7363 2.79279
128.431 82.9682 2.78645
127.86 83.1773 2.78748
127.18 83.4214 2.78441
126.565 83.6499 2.78428
125.942 83.8758 2.78224
125.197 84.1542 2.78854
124.569 84.3922 2.78915
123.844 84.6581 2.79184
123.185 84.8991 2.79185
122.532 85.1426 2.79054
121.88 85.3786 2.78941
121.324 85.579 2.79219
120.784 85.7728 2.79252
120.288 85.9563 2.79934
119.675 86.173 2.79444
119.026 86.4073 2.7908
118.278 86.6759 2.79564
117.588 86.9269 2.7943
116.887 87.1787 2.79216
116.334 87.3783 2.79178
115.912 87.5326 2.78987
115.625 87.6362 2.79271
115.531 87.669 2.79285
115.505 87.6778 2.79206
115.465 87.6896 2.79098
115.436 87.6961 2.79104
115.419 87.7036 2.79102
115.392 87.7131 2.79295
115.386 87.7207 2.80776
115.395 87.7176 2.83654
115.391 87.7199 2.86998
115.361 87.7276 2.91417
115.329 87.7361 2.96622
115.201 87.7679 3.0249
115.102 87.7879 3.0714
114.804 87.8354 3.12271
114.649 87.845 -3.10447
114.422 87.8626 -3.04887
114.237 87.8529 -2.98789
114.037 87.8458 -2.93428
113.832 87.8221 -2.88048
113.581 87.7872 -2.82955
113.559 87.7721 -2.7804
113.438 87.7365 -2.72875
113.404 87.7088 -2.68051
113.413 87.6926 -2.63596
113.384 87.6523 -2.60015
113.327 87.5863 -2.58507
113.118 87.4377 -2.5814
112.767 87.1963 -2.57585
112.254 86.8817 -2.57527
111.596 86.4548 -2.58348
111.009 86.0617 -2.58037
110.437 85.6592 -2.57953
109.762 85.226 -2.57748
109.034 84.7695 -2.57692
108.137 84.2147 -2.57819
107.469 83.7919 -2.57587
106.849 83.3901 -2.56999
106.211 82.97 -2.56601
105.624 82.588 -2.56956
104.987 82.1771 -2.57038
104.485 81.8395 -2.56559
103.931 81.4984 -2.56898
103.303 81.0854 -2.569
102.696 80.696 -2.56697
102.053 80.2575 -2.56242
101.428 79.8407 -2.56272
100.786 79.4252 -2.56484
100.189 79.0312 -2.56374
99.6533 78.6736 -2.56787
99.1662 78.3532 -2.57235
98.607 77.9886 -2.57297
98.1448 77.6778 -2.57415
97.6809 77.3812 -2.58165
97.0119 76.9666 -2.58543
96.3504 76.5631 -2.59087
95.6996 76.1555 -2.58765
95.069 75.7695 -2.58786
94.4172 75.3683 -2.58956
93.5889 74.8608 -2.59107
93.0691 74.5431 -2.58797
92.3947 74.0995 -2.58229
91.7244 73.6717 -2.57897
91.0953 73.2791 -2.58117
90.5323 72.9244 -2.57911
89.9618 72.5484 -2.56996
89.408 72.1887 -2.56874
88.6854 71.7343 -2.57541
88.1773 71.4104 -2.57569
87.5362 70.9914 -2.57456
87.0367 70.6734 -2.56806
86.5274 70.3421 -2.5706
85.9862 69.9922 -2.57505
85.4567 69.6396 -2.57064
85.0345 69.3636 -2.57013
84.4958 69.0198 -2.57373
84.0024 68.6998 -2.57064
83.4143 68.3221 -2.57149
82.8297 67.9483 -2.569
82.3374 67.6498 -2.57695
81.7217 67.2617 -2.578
81.0028 66.8076 -2.57788
80.4562 66.4617 -2.57159
79.9015 66.0843 -2.56412
79.2768 65.6729 -2.56381
78.6295 65.2604 -2.57083
77.9744 64.8396 -2.56574
77.4158 64.4787 -2.567
76.7568 64.0609 -2.57048
76.0983 63.6341 -2.56785
75.4572 63.2342 -2.57396
75.1007 63.0192 -2.57435
74.4453 62.6048 -2.57239
74.008 62.3365 -2.57592
73.2851 61.8683 -2.57616
72.7465 61.5215 -2.57394
72.1041 61.1249 -2.57892
71.4602 60.7182 -2.57368
70.8695 60.3342 -2.57214
70.2027 59.918 -2.57712
69.4822 59.447 -2.57231
68.9447 59.107 -2.57472
68.3259 58.7126 -2.57266
67.7367 58.3351 -2.56993
67.1092 57.9169 -2.56588
66.4149 57.4545 -2.5662
65.8901 57.1125 -2.56875
65.2671 56.7179 -2.57244
64.5668 56.2763 -2.57337
63.924 55.8724 -2.57692
63.3815 55.5213 -2.56923
62.7171 55.0851 -2.56864
62.1298 54.7159 -2.57153
61.4523 54.2875 -2.57126
60.8546 53.9047 -2.56928
60.2466 53.5187 -2.57019
59.5446 53.0734 -2.56819
58.9137 52.6787 -2.57009
58.4398 52.3733 -2.56906
57.6867 51.8824 -2.56721
57.2649 51.6134 -2.56997
56.8396 51.3431 -2.57372
56.2104 50.9495 -2.57575
55.7016 50.6315 -2.58035
55.0933 50.2448 -2.5796
54.5856 49.9285 -2.57865
54.1068 49.6279 -2.57925
53.5076 49.247 -2.57625
53.008 48.9357 -2.57799
52.4854 48.6029 -2.57709
51.8884 48.224 -2.57587
51.3673 47.8966 -2.578
50.8062 47.5319 -2.57645
50.1836 47.1326 -2.57673
49.6836 46.815 -2.57745
49.0089 46.3896 -2.58027
48.4759 46.052 -2.57665
47.9522 45.7252 -2.57689
47.3338 45.334 -2.57621
46.7665 44.9753 -2.57342
46.2218 44.6164 -2.57065
45.51 44.1478 -2.56752
44.8522 43.7255 -2.57248
44.2181 43.3335 -2.57158
43.6478 42.9675 -2.56875
43.1006 42.6212 -2.57279
42.4209 42.179 -2.57266
41.8479 41.8063 -2.56931
41.2921 41.4513 -2.56706
40.6399 41.0378 -2.56806
40.1105 40.6927 -2.56567
39.6167 40.3704 -2.56508
39.0275 39.9895 -2.55998
38.5923 39.6993 -2.55271
38.1444 39.4054 -2.54964
37.8612 39.2272 -2.55414
37.7845 39.1761 -2.54751
37.7449 39.1539 -2.54529
37.759 39.1616 -2.54245
37.7718 39.1917 -2.53922
37.7666 39.194 -2.51397
37.7321 39.1717 -2.48892
37.697 39.1457 -2.45364
37.6686 39.1319 -2.40259
37.8043 39.2436 -2.34338
37.8282 39.2578 -2.29691
37.8625 39.2892 -2.24898
37.8805 39.3022 -2.20002
37.9936 39.429 -2.14307
37.9431 39.361 -2.09049
37.9585 39.3754 -2.03448
37.9795 39.3984 -1.97864
37.9345 39.3586 -1.9348
37.9326 39.3562 -1.87887
37.9527 39.373 -1.8302
37.9702 39.4105 -1.78042
37.9633 39.4122 -1.72949
37.9798 39.4626 -1.67205
37.9905 39.4447 -1.62944
37.9749 39.3742 -1.57339
37.9825 39.3464 -1.5214
37.9929 39.2981 -1.4748
38.0062 39.2627 -1.41906
38.0294 39.2068 -1.3696
38.0406 39.1611 -1.32097
38.0546 39.0688 -1.26059
38.0813 39.0005 -1.21513
38.1255 38.8503 -1.16534
38.1247 38.8268 -1.10402
38.1358 38.8352 -1.06376
38.1229 38.7636 -1.01189
38.1253 38.7697 -0.969792
38.1394 38.7591 -0.922906
38.1277 38.7629 -0.867903
38.1438 38.7212 -0.821245
38.1423 38.7298 -0.776952
38.1727 38.6907 -0.727328
38.2107 38.6602 -0.678929
38.2311 38.6346 -0.632339
38.2178 38.6434 -0.585254
38.2162 38.6533 -0.541317
38.2282 38.6475 -0.488652
38.2371 38.6504 -0.44344
38.2315 38.6589 -0.401847
38.1007 38.7411 -0.347153
38.0693 38.7646 -0.307433
38.0255 38.786 -0.268413
37.9368 38.8254 -0.221695
37.8869 38.8726 -0.174759
37.7648 38.9073 -0.128344
37.8618 38.9025 -0.0977685
37.8982 38.8987 -0.0452062
37.8742 38.9119 0.00370448
37.9267 38.9164 0.0375398
38.0103 38.9144 0.0518194
38.0407 38.9406 0.0593896
38.0911 38.9362 0.0631111
38.0835 38.968 0.0664156
38.0809 38.9817 0.0678602
38.0989 38.9823 0.0690909
38.1033 38.9889 0.0700114
38.1058 38.9908 0.07093
38.1105 38.9962 0.0713073
38.1323 39.0227 0.0718792
38.1332 39.028 0.0724432
38.1404 39.034 0.0712881
38.1636 39.0464 0.0550932
38.1443 39.0512 0.0415781
38.17 39.0556 0.035248
38.1724 39.0569 0.0318825
38.1666 39.0606 0.0307584
38.1719 39.0662 0.0284729
38.1754 39.0652 0.0264045
38.1762 39.0594 0.0269342
38.1633 39.0601 0.0271221
38.1521 39.0485 0.0262393
38.1452 39.058 0.0259238
38.1258 39.0512 0.0260979
38.1285 39.0564 0.0259561
38.1313 39.059 0.0249938
38.1293 39.07 0.0247398
38.1123 39.0572 0.0255277
38.1183 39.0581 0.0249439
38.1324 39.0806 0.0246545
38.1247 39.0828 0.024532
38.1402 39.1042 0.0243559
38.1348 39.1088 0.0241595
38.1358 39.1122 0.0242471
38.1399 39.1158 0.0238876
38.1332 39.1062 0.0240525
38.1367 39.1058 0.0240237
38.1444 39.1077 0.0237533
38.1356 39.1086 0.0236378
38.1383 39.1115 0.023529
38.1404 39.115 0.0234979
38.142 39.1187 0.0233012
38.1394 39.1171 0.0233632
38.1382 39.1173 0.0235022
38.1455 39.1269 0.0234488
38.1442 39.1247 0.0233639
38.1478 39.1253 0.0233973
38.1429 39.1245 0.0231934
38.1479 39.1342 0.023115
38.1441 39.1338 0.023248
38.1471 39.1327 0.0231605
38.1511 39.1386 0.0230844
38.1407 39.1285 0.0233128
38.1446 39.131 0.0230459
38.1533 39.1462 0.0229839
38.1494 39.1452 0.0229175
38.1474 39.1469 0.0228988
38.1443 39.15 0.0228099
38.1456 39.151 0.0227699
38.1465 39.1528 0.0226704
38.1488 39.1525 0.0227933
38.1482 39.1577 0.0226408
38.1498 39.1565 0.0225296
38.1527 39.157 0.0224675
38.1537 39.1575 0.0223191
38.1554 39.1631 0.022295
38.1496 39.1526 0.0224626
38.1513 39.1546 0.0223363
38.152 39.1551 0.0223408
38.1525 39.1548 0.0221853
38.1534 39.1559 0.0222131
38.156 39.1567 0.0222472
38.1543 39.156 0.0222399
38.1576 39.1518 0.0222294
38.1581 39.1515 0.0222367
38.1562 39.1526 0.0222774
38.1548 39.1546 0.0222505
38.1542 39.1536 0.0222568
38.1552 39.1652 0.0222778
38.1527 39.1659 0.0223445
38.1528 39.1651 0.0222691
38.155 39.1643 0.0222752
38.1569 39.1639 0.0221821
38.1562 39.1665 0.0221197
38.1565 39.168 0.0221686
38.1567 39.1665 0.022021
38.1596 39.1738 0.0221014
38.158 39.1746 0.0221145
38.1592 39.1752 0.0221023
38.1606 39.1746 0.022127
38.1625 39.1753 0.0220915
38.1596 39.1762 0.0220754
38.1615 39.1742 0.0220379
38.1602 39.1741 0.022075
38.1617 39.1728 0.0220293
38.1625 39.1772 0.0219905
38.1651 39.1868 0.0220066
38.1623 39.1868 0.0220298
38.1627 39.1865 0.0219602
38.1623 39.1842 0.0219481
38.1629 39.1861 0.0218818
38.1633 39.1843 0.0218393
38.1637 39.1834 0.0218595
38.1638 39.181 0.0218324
38.1633 39.1815 0.0218801
38.1632 39.1815 0.0218644
38.1663 39.1895 0.0217627
38.1655 39.1905 0.0217811
38.1653 39.1905 0.0216869
38.1639 39.1907 0.021665
38.162 39.1872 0.0216745
38.1593 39.1863 0.0216582
38.1567 39.1833 0.0216901
38.1559 39.1842 0.0217328
38.1553 39.1823 0.0216307
38.1562 39.1783 0.0217317
38.1565 39.178 0.0217176
38.1539 39.1782 0.0217759
38.1532 39.1786 0.0217747
38.1534 39.1774 0.0217605
38.1544 39.1777 0.0216894
38.153 39.1792 0.021681
38.1537 39.1812 0.0216889
38.1554 39.1875 0.0217077
38.1551 39.1864 0.021714
38.1539 39.1871 0.0217416
38.1527 39.1883 0.0217749
38.1522 39.187 0.0217312
38.1528 39.1873 0.0217005
38.153 39.1871 0.0216964
38.1541 39.1862 0.0216703
38.1543 39.1875 0.0216665
38.153 39.1836 0.0216825
38.1544 39.1856 0.021674
38.1551 39.1915 0.0217201
38.1563 39.1923 0.0216514
38.1553 39.1927 0.0216837
38.1555 39.1936 0.0216276
38.1585 39.2007 0.0215986
38.1571 39.2 0.0215831
38.1565 39.2005 0.0216193
38.1573 39.2016 0.021653
38.1562 39.201 0.0216348
38.1571 39.2013 0.0215837
38.1577 39.2031 0.0215641
38.1589 39.2106 0.0215316
38.1576 39.2118 0.0215652
38.1559 39.2121 0.0215855
38.1572 39.2191 0.021586
38.1561 39.2193 0.0216048
38.1553 39.2188 0.0216065
38.1551 39.2172 0.0216128
38.156 39.2167 0.021547
38.1564 39.2164 0.0215301
38.1587 39.2223 0.0215119
38.1578 39.222 0.0215051
38.1555 39.2162 0.0215475
38.1548 39.2159 0.0215005
38.155 39.2161 0.0214634
38.1552 39.2169 0.0214938
38.1555 39.2163 0.0214703
38.1566 39.2154 0.0214204
38.1574 39.2168 0.0213791
38.1569 39.2159 0.0213651
38.157 39.2159 0.0213618
38.1574 39.2155 0.0213135
38.157 39.2142 0.0212899
38.1564 39.214 0.0212861
38.157 39.2149 0.0212677
38.1559 39.2169 0.0212813
38.1562 39.2182 0.0212705
38.1569 39.2183 0.0212522
38.1571 39.2188 0.0212565
38.1572 39.2184 0.0212078
38.1569 39.2199 0.0211864
38.1578 39.2163 0.02122
38.1579 39.2174 0.0212036
38.1571 39.2193 0.021216
38.1565 39.219 0.0212134
38.1568 39.2208 0.0212068
38.1567 39.2217 0.0211821
38.1571 39.2221 0.021189
38.1563 39.221 0.0212212
38.1566 39.2232 0.0211938
38.1567 39.2244 0.021159
38.1573 39.2251 0.0211378
38.1572 39.2258 0.0211144
38.1577 39.227 0.0210733
38.1575 39.2273 0.021126
38.1568 39.2268 0.0211237
38.1554 39.2235 0.0211695
38.1547 39.2242 0.0211907
38.1542 39.2232 0.0211903
38.1542 39.2233 0.0211665
38.1547 39.2235 0.0211504
38.1542 39.2228 0.0211526
38.1537 39.2236 0.0211461
38.1563 39.2276 0.0211506
38.1574 39.2279 0.0211186
38.158 39.227 0.0210735
38.1573 39.2272 0.0210502
38.1599 39.2311 0.0210542
38.1601 39.2322 0.0210289
38.1602 39.231 0.0210176
38.1592 39.2261 0.021028
38.1595 39.2257 0.0210093
38.1602 39.2245 0.020986
38.1609 39.2229 0.0209913
38.1603 39.2226 0.0209341
38.1603 39.2228 0.0209072
38.1605 39.222 0.0208847
38.1603 39.2223 0.0208655
38.1611 39.2216 0.0208811
38.1611 39.2217 0.0208735
38.1609 39.222 0.0208808
38.16 39.2219 0.0208912
38.1591 39.2225 0.0208888
38.1598 39.2222 0.0208924
38.1598 39.2224 0.0208558
38.1594 39.222 0.0208333
38.1597 39.2222 0.0208326
38.1602 39.2218 0.0208217
38.1591 39.2215 0.0208302
38.1595 39.2217 0.0208326
38.1597 39.2215 0.0208027
38.1607 39.2264 0.0207954
38.16 39.2267 0.0208086
38.1597 39.2264 0.0207954
38.1589 39.2262 0.0208013
38.1587 39.2264 0.0208254
38.1577 39.2262 0.0208299
38.1584 39.2305 0.0208254
38.1581 39.2312 0.020831
38.1571 39.2313 0.0208248
38.157 39.231 0.0208317
38.1566 39.2287 0.0208461
38.1574 39.229 0.0208368
38.156 39.2305 0.0208521
38.156 39.2315 0.0208614
38.156 39.2304 0.0208828
38.1566 39.2306 0.0208753
38.1568 39.2302 0.0208528
38.1565 39.2301 0.0208513
38.1566 39.2281 0.0208763
38.1564 39.229 0.0208702
38.1569 39.2284 0.0208493
38.1558 39.2294 0.0208365
38.1556 39.2288 0.0208832
38.1562 39.2291 0.0208642
38.1553 39.2286 0.020848
38.1554 39.2288 0.0208472
38.1566 39.2326 0.020826
38.1556 39.2319 0.0208407
38.1557 39.2322 0.0208435
38.1562 39.2314 0.0208367
38.1562 39.2295 0.0208197
38.1567 39.2337 0.0208483
38.157 39.2344 0.0208049
38.1572 39.2339 0.020787
38.1563 39.234 0.0207949
38.1566 39.2355 0.0208031
38.1566 39.2365 0.0208033
38.1567 39.2359 0.0207756
38.1561 39.236 0.0207814
38.1565 39.2316 0.0208292
38.1564 39.232 0.0207889
38.156 39.2337 0.0207879
38.1563 39.233 0.020778
38.1562 39.2316 0.0207819
38.1564 39.2318 0.0207704
38.1566 39.23 0.0207923
38.1567 39.2336 0.0207997
38.1574 39.2335 0.0207747
38.1575 39.232 0.0207901
38.1578 39.2316 0.0207664
38.1573 39.2316 0.0207419
38.1564 39.2278 0.0207645
38.1567 39.2283 0.0207509
38.1561 39.228 0.0207313
38.1565 39.2261 0.0207684
38.1582 39.2298 0.0207492
38.1587 39.2336 0.0207489
38.1597 39.2338 0.0207176
38.1595 39.2322 0.0207224
38.1597 39.2321 0.0207069
38.1606 39.2315 0.0206985
38.1602 39.2318 0.0207067
38.1606 39.2319 0.0206919
38.1619 39.2337 0.0206949
38.1606 39.2314 0.0207214
38.1613 39.2316 0.0207088
38.1615 39.2319 0.02072
38.1611 39.2319 0.0207153
38.1612 39.2319 0.0206993
38.1613 39.2316 0.0206777
38.162 39.2314 0.0206969
38.1622 39.2315 0.0206971
38.1615 39.2316 0.0207005
38.1624 39.2348 0.0206909
38.162 39.2345 0.0206954
38.1626 39.2323 0.0206947
38.1629 39.2325 0.0206961
38.1632 39.2321 0.0206741
38.1638 39.232 0.0206823
38.1634 39.232 0.0206839
38.1635 39.2321 0.020658
38.1633 39.2324 0.0206571
38.1633 39.2347 0.0206707
38.1637 39.2351 0.0206545
38.1641 39.2355 0.0206491
38.1639 39.2355 0.0206475
38.164 39.2353 0.0206248
38.1643 39.2351 0.0206189
38.1635 39.2353 0.0206353
38.1637 39.2354 0.0206108
38.1638 39.2351 0.02061
38.1641 39.235 0.0206262
38.1644 39.2386 0.0206362
38.1647 39.2391 0.0206151
38.1651 39.2397 0.0206034
38.1649 39.2391 0.0206119
38.1648 39.239 0.0206003
38.1657 39.2385 0.0206006
38.1655 39.2393 0.0206113
38.1662 39.2398 0.0205884
38.1659 39.2401 0.0205838
38.1668 39.2405 0.0205748
38.1663 39.2404 0.0205629
38.1664 39.2399 0.020557
38.1666 39.24 0.0205457
38.167 39.2384 0.0205806
38.1679 39.2389 0.020562
38.168 39.2391 0.0205692
38.168 39.2388 0.0205494
38.168 39.2386 0.0205497
38.1676 39.2392 0.0205625
38.1682 39.2391 0.0205391
38.1691 39.2425 0.0205351
38.1683 39.2421 0.0205479
38.1686 39.2425 0.0205319
38.1693 39.2428 0.0205289
38.1688 39.2436 0.0205153
38.1687 39.2433 0.0204947
38.1691 39.2443 0.020496
38.1693 39.2438 0.0205001
38.1694 39.2439 0.0204898
