40 39.9996 -5.20417e-17
39.9507 39.8064 0.00307118
39.9078 39.6931 0.00105185
39.9065 39.6677 0.000893109
39.8932 39.4414 0.00192535
39.8962 39.4874 0.00173022
39.8824 39.5337 0.00131904
39.8834 39.5482 0.00091913
39.9036 39.5613 0.00173445
39.8995 39.5542 0.00218871
39.896 39.5954 0.00188405
39.9042 39.6198 0.00166742
39.9244 39.6166 0.000814762
39.9254 39.6324 0.000869497
39.9206 39.6228 0.0010682
39.9144 39.5933 0.000803766
39.9249 39.6091 0.000631935
39.9201 39.6072 0.000555682
39.9286 39.609 0.000954503
39.9223 39.5747 0.00116769
39.9208 39.5796 0.00125984
39.9184 39.587 0.00123709
39.9139 39.5627 0.00103975
39.9184 39.5799 0.000785235
39.9186 39.5915 0.000622187
39.9148 39.6024 0.000514961
39.9111 39.6081 0.000279376
39.9142 39.5907 0.000329148
39.9126 39.5931 0.000412671
39.7953 39.5854 0.00138914
39.6068 39.5788 0.00293763
39.3406 39.5786 0.00498042
39.0342 39.5822 0.0027927
38.8265 39.5793 0.00187462
38.5886 39.5824 0.00555052
38.504 39.5573 -0.00336684
38.4965 39.5591 1.60575e-05
38.5165 39.5607 -0.000742457
38.5287 39.5615 -0.00172248
38.538 39.5656 -0.00190002
38.5511 39.5747 -0.00274097
38.5745 39.5656 -0.00329367
38.6057 39.5691 -0.00444165
38.6157 39.5747 -0.00507241
38.6274 39.5807 -0.00580472
38.6326 39.5838 -0.00583461
38.6296 39.5859 -0.00620397
38.627 39.5879 -0.00652279
38.6211 39.5898 -0.0068683
38.6193 39.5854 -0.00733424
38.6229 39.5808 -0.00744428
38.629 39.5865 -0.00759348
38.6323 39.5865 -0.00772212
38.6354 39.584 -0.00785881
38.6305 39.5822 -0.00764187
38.6289 39.5847 -0.00767177
38.6261 39.5838 -0.00749011
38.6224 39.5842 -0.00753053
38.6208 39.5887 -0.00742426
38.6222 39.5882 -0.00771492
38.622 39.5848 -0.007622
38.6218 39.5885 -0.00763884
38.6107 39.5862 -0.00764985
38.6076 39.5731 -0.00751523
38.6053 39.5761 -0.00739156
38.6009 39.5766 -0.00764045
38.6079 39.5782 -0.0076192
38.6065 39.5814 -0.00745092
38.6126 39.5858 -0.00726482
38.7906 39.5864 -0.00600945
39.1345 39.5816 -0.00865477
39.6851 39.5774 -0.007738
40.2202 39.5749 -0.00390779
40.8603 39.5666 -0.0143001
41.4382 39.5688 -0.00748317
42.0594 39.5677 -0.000720297
42.7784 39.5639 -0.00310432
43.4982 39.5579 0.00410822
44.211 39.5528 -0.0022791
44.9881 39.5506 -0.00512956
45.6281 39.5421 -0.00808034
46.2641 39.5414 -0.000334274
46.9076 39.542 0.000600449
47.5695 39.5533 -0.00752202
48.2246 39.5525 -0.00656553
48.9015 39.5442 -0.0102037
49.5805 39.5375 -0.00692065
50.2284 39.5361 -0.00330178
50.8893 39.5299 -0.00751342
51.6046 39.5288 0.00214465
52.1861 39.5296 -0.00108529
52.82 39.5301 -0.00365022
53.5141 39.5258 -0.00819801
54.1665 39.5277 0.00187104
55.5455 39.5086 -0.00473229
56.2575 39.5149 0.00623294
56.9587 39.5174 0.00429309
57.7794 39.5302 0.00741311
58.4177 39.5395 0.0101088
59.0953 39.5459 0.00896142
59.7431 39.5522 0.00944067
60.5432 39.5648 0.0116615
61.1792 39.5757 0.0107407
61.7994 39.5777 0.00508168
62.4709 39.5805 0.00319969
63.181 39.5841 0.0054963
63.7876 39.5907 0.00502751
64.4449 39.5908 0.00173308
65.1152 39.5936 0.00403261
65.981 39.6034 0.00847642
66.5807 39.6044 0.00495794
67.148 39.6098 0.00667764
67.7877 39.6173 0.00556985
68.4421 39.6225 0.0100657
69.1007 39.6273 0.00640785
69.6984 39.6313 0.00623769
70.4531 39.6418 0.0132841
71.2638 39.6473 0.00333534
71.92 39.6542 0.00673614
72.6233 39.658 0.00727895
73.3001 39.6629 0.00502972
73.9292 39.6681 0.00554606
74.5298 39.6729 0.011739
75.1817 39.6804 0.0153575
75.8603 39.6899 0.0114029
76.6182 39.7053 0.00999342
77.3198 39.7095 0.00537497
78.0261 39.7153 0.00908171
78.6765 39.7316 0.00424206
79.2695 39.7292 -0.000513371
79.9973 39.7275 -0.00383444
80.7262 39.7262 -0.00366047
81.3595 39.7262 -0.00369117
82.1949 39.7264 0.00146249
82.8907 39.7326 0.00816019
83.6403 39.7397 0.0105498
84.3573 39.7495 0.0112063
85.0367 39.7581 0.0142176
85.7359 39.766 0.0117118
86.477 39.7784 0.0169809
87.1822 39.7949 0.0141162
87.8891 39.8075 0.0133476
88.45 39.8215 0.0153767
89.0557 39.8339 0.0160543
89.6822 39.8439 0.0160006
90.3083 39.8508 0.0136024
90.8799 39.8563 0.0102632
91.5299 39.8662 0.0117379
92.1199 39.8725 0.00991839
92.8176 39.8758 0.00620814
93.4012 39.885 0.00922114
93.9643 39.8921 0.00740742
94.4901 39.8978 0.0078007
95.0615 39.9018 0.00700784
95.6614 39.9099 0.006981
96.2706 39.9124 0.00489252
96.9001 39.918 0.00793888
97.6588 39.9273 0.00825208
98.3953 39.9427 0.0163035
99.0626 39.9503 0.00906013
99.7018 39.9528 0.00220759
100.351 39.9547 0.00346108
101.002 39.9588 0.00156467
101.695 39.9704 0.00840502
102.444 39.9732 0.00567696
103.197 39.9807 0.00648116
103.841 39.982 0.00509589
104.523 39.9868 0.00440855
105.186 39.9904 0.000832262
105.821 39.9898 -0.00123278
106.496 39.9876 -0.000981385
107.206 39.9838 -0.00571033
107.864 39.9797 -0.00473827
108.633 39.9781 -0.00183883
109.327 39.9807 0.00404711
110.082 39.9897 0.0071231
110.825 39.996 0.0061401
111.546 40.001 0.00809939
112.343 40.0132 0.0162203
112.999 40.0198 0.00956739
113.726 40.0269 0.00853375
114.569 40.0358 0.00818685
115.314 40.0422 0.00598576
116.028 40.0435 -0.000346809
116.614 40.0498 0.00294617
117.258 40.0549 0.00165731
117.855 40.0584 0.0037551
118.566 40.0649 0.00730566
119.31 40.0704 0.00885222
120.09 40.0759 0.00803894
120.828 40.0908 0.0127467
121.454 40.0995 0.0161347
122.106 40.1091 0.0138927
122.732 40.1188 0.0175954
123.358 40.1303 0.0166783
123.973 40.1408 0.0136233
124.646 40.1553 0.0140946
125.357 40.1629 0.0122619
125.975 40.1703 0.0126069
126.591 40.1774 0.0120894
127.191 40.1864 0.0131558
127.847 40.1944 0.0110344
128.6 40.2036 0.00730897
129.311 40.2116 0.00636538
130.006 40.2171 0.008204
130.819 40.2277 0.0076112
131.505 40.2324 0.00746849
132.187 40.2376 0.00808103
132.863 40.2444 0.00564869
133.49 40.2497 0.00697372
134.176 40.2536 0.00426045
134.811 40.2556 0.0024352
135.431 40.2544 0.00364039
136.252 40.2577 0.00492606
136.929 40.2634 0.00898215
137.609 40.267 0.00891453
138.321 40.2771 0.00948877
139.01 40.2803 0.00568637
139.71 40.2835 0.00621019
140.441 40.2889 0.00951449
141.097 40.2967 0.0140342
141.87 40.305 0.0120876
142.52 40.3148 0.0124208
143.18 40.3267 0.0147723
143.792 40.3397 0.0174028
144.434 40.3534 0.015978
145.079 40.3696 0.0190406
145.703 40.3801 0.0201358
146.328 40.392 0.0186828
147.021 40.4027 0.0129475
147.704 40.4138 0.0125149
148.347 40.4225 0.0120368
148.92 40.4259 0.00922961
149.526 40.4301 0.00942209
150.195 40.4401 0.0145539
150.81 40.4492 0.0156121
151.469 40.4506 0.0071045
152.169 40.4519 0.00337619
152.789 40.4546 0.00324852
153.454 40.4543 0.00275302
154.094 40.4518 -0.00048539
154.808 40.4506 0.000319408
155.522 40.459 0.0114048
156.195 40.4635 0.00752672
156.922 40.4684 0.0097809
157.657 40.4685 0.0133749
158.423 40.4801 0.0120733
159.073 40.4974 0.0138203
159.705 40.5029 0.010605
160.392 40.5246 0.0159195
161.014 40.5435 0.0150415
161.664 40.5509 0.0128779
162.357 40.5597 0.00917311
162.998 40.5605 0.0065759
163.81 40.559 0.000534273
164.454 40.5586 -0.000719422
165.131 40.5567 0.00118189
165.798 40.5561 0.0035132
166.296 40.5569 0.00499522
166.664 40.5593 0.00827316
166.853 40.558 0.0116404
166.932 40.5549 0.0129306
167.042 40.5579 0.00191952
167.377 40.5575 -0.00371016
167.918 40.5544 -0.00434991
168.566 40.5457 -0.0107
169.067 40.5379 -0.00940083
169.446 40.5332 -0.00580896
169.667 40.5308 -0.000406453
169.766 40.5283 0.00422086
169.836 40.5274 0.0124925
169.921 40.527 0.0356824
170.032 40.5268 0.072795
170.162 40.5286 0.11913
170.284 40.537 0.153323
170.393 40.5482 0.169901
170.46 40.5558 0.176338
170.495 40.5573 0.181052
170.784 40.6069 0.186965
171.471 40.7429 0.190769
172.201 40.8914 0.194194
172.992 41.0519 0.196207
173.778 41.2075 0.193466
174.65 41.3803 0.19685
175.478 41.5457 0.197819
176.335 41.7205 0.198688
177.164 41.8905 0.203442
178.059 42.0744 0.202008
178.793 42.2222 0.202809
179.488 42.3603 0.19881
180.135 42.4907 0.199879
180.776 42.6219 0.204624
181.346 42.7395 0.20903
181.919 42.8563 0.205418
182.456 42.9638 0.203744
183.109 43.0973 0.205257
183.665 43.2084 0.204907
184.277 43.3343 0.208601
184.877 43.4581 0.206042
185.485 43.5814 0.204904
186.097 43.7072 0.205209
186.682 43.8281 0.203665
187.309 43.9571 0.20526
188.063 44.1107 0.206882
188.738 44.2518 0.211267
189.411 44.3952 0.210832
190.074 44.5354 0.213732
190.77 44.683 0.213593
191.477 44.8351 0.216364
192.152 44.9784 0.214198
192.853 45.1255 0.213098
193.571 45.2779 0.216395
194.363 45.4478 0.216317
195.041 45.5928 0.217313
195.743 45.7448 0.221168
196.416 45.8896 0.217812
197.101 46.0376 0.218294
197.753 46.1778 0.220195
198.399 46.316 0.2195
199.027 46.4505 0.217864
199.759 46.6086 0.216412
200.421 46.7524 0.217931
201.06 46.8897 0.217998
201.728 47.0301 0.215339
202.358 47.1631 0.216791
202.865 47.2689 0.215627
203.195 47.3364 0.216312
203.379 47.3712 0.218602
203.56 47.4077 0.218191
203.907 47.4787 0.218464
204.364 47.574 0.218727
204.935 47.6953 0.219392
205.625 47.847 0.220417
206.321 47.9983 0.219564
206.964 48.1369 0.219554
207.492 48.2563 0.225349
207.814 48.3227 0.223894
207.959 48.35 0.226182
208.012 48.3573 0.227477
208.076 48.3661 0.228013
208.124 48.371 0.227627
208.17 48.3759 0.228361
208.197 48.3662 0.228858
208.402 48.4074 0.229987
208.941 48.528 0.228783
209.59 48.6711 0.226475
210.175 48.7993 0.224836
210.631 48.9006 0.230545
210.711 48.9161 0.2311
210.362 48.8287 0.236199
209.783 48.687 0.229066
208.965 48.4945 0.237308
208.234 48.308 0.239653
207.36 48.094 0.232083
206.488 47.8852 0.232479
205.781 47.7167 0.227122
205.236 47.5812 0.232111
204.808 47.4751 0.231826
204.485 47.3915 0.224154
204.383 47.362 0.197043
204.273 47.3328 0.161166
204.2 47.3141 0.111784
204.124 47.2963 0.064513
204.073 47.2833 0.00887503
204.074 47.2893 -0.0393029
204.009 47.292 -0.0725092
203.978 47.3028 -0.0821267
203.942 47.2993 -0.0741296
203.863 47.2969 -0.0485631
203.776 47.2921 -0.00505807
203.726 47.2865 0.0476758
203.7 47.279 0.0986908
203.659 47.2674 0.154563
203.662 47.259 0.212408
203.624 47.2475 0.266769
203.641 47.2279 0.320815
203.499 47.1974 0.367881
203.561 47.2056 0.426035
203.477 47.1755 0.46593
203.405 47.1486 0.508747
203.383 47.1311 0.562338
203.346 47.1072 0.612204
203.332 47.0965 0.660095
203.341 47.0947 0.707493
203.287 47.0644 0.751885
203.209 47.0087 0.79718
203.249 47.027 0.845517
203.263 47.0287 0.891354
203.299 47.0531 0.934926
203.238 46.9934 0.97595
203.248 46.9925 1.02321
203.281 47.0068 1.06998
203.213 46.8837 1.1221
203.186 46.8296 1.17332
203.14 46.7524 1.21268
203.099 46.6821 1.24795
203.069 46.6275 1.26465
203.067 46.6914 1.27059
203.11 46.9295 1.28138
203.203 47.3294 1.293
203.324 47.8353 1.30072
203.459 48.4177 1.31011
203.598 49.0212 1.31966
203.737 49.6422 1.32152
203.951 50.4925 1.32359
204.089 51.0585 1.3255
204.203 51.5466 1.32864
204.264 51.8323 1.33796
204.305 52.02 1.34976
204.312 52.0534 1.34969
204.316 52.0887 1.35082
204.319 52.1226 1.3514
204.336 52.2249 1.33975
204.413 52.5696 1.33397
204.563 53.1777 1.3239
204.736 53.8576 1.3177
204.896 54.5004 1.31847
205.008 54.9428 1.30445
205.085 55.2557 1.28458
205.138 55.4763 1.27554
205.165 55.5889 1.27001
205.165 55.6193 1.26885
205.174 55.6671 1.26756
205.186 55.7325 1.26719
205.193 55.7645 1.28291
205.19 55.7344 1.32118
205.195 55.7535 1.36074
205.219 55.8488 1.41295
205.23 55.9128 1.46541
205.237 55.9567 1.53095
205.241 55.9934 1.5796
205.248 56.0546 1.62037
205.251 56.1062 1.63378
205.255 56.1732 1.64023
205.26 56.2108 1.64351
205.26 56.2272 1.64601
205.25 56.1861 1.64664
205.251 56.1986 1.65094
205.252 56.2372 1.67412
205.254 56.2733 1.70082
205.256 56.3114 1.74188
205.264 56.3119 1.79005
205.269 56.3063 1.84556
205.27 56.3057 1.90582
205.264 56.3449 1.97046
205.263 56.3347 2.03626
205.265 56.3294 2.08659
205.239 56.4054 2.13824
205.237 56.4039 2.19011
205.254 56.3867 2.24036
205.242 56.4217 2.29012
205.229 56.4637 2.33526
205.23 56.4664 2.37911
205.249 56.4515 2.42269
205.25 56.4542 2.46791
205.245 56.4697 2.5099
205.245 56.469 2.55362
205.247 56.4847 2.60625
205.206 56.5147 2.64924
205.219 56.4991 2.69198
205.202 56.5069 2.73541
205.108 56.5443 2.76757
204.979 56.5985 2.78175
204.94 56.6108 2.78848
204.939 56.6017 2.79179
204.949 56.5937 2.79461
204.95 56.5879 2.7965
204.916 56.6005 2.79776
204.692 56.6765 2.80064
204.241 56.8379 2.80274
203.652 57.04 2.80692
202.827 57.3175 2.80818
201.975 57.6078 2.80446
201.193 57.8653 2.80893
200.416 58.1343 2.80509
199.607 58.4099 2.80544
198.902 58.6312 2.80884
198.081 58.9028 2.8115
197.344 59.1538 2.80984
196.719 59.3633 2.81274
196.073 59.583 2.81446
195.362 59.8209 2.81882
194.783 60.0089 2.82119
194.227 60.1934 2.82335
193.641 60.3863 2.82335
193.07 60.5717 2.82002
192.582 60.7356 2.81918
191.989 60.9315 2.81437
191.383 61.1331 2.81395
190.704 61.3634 2.81143
190.075 61.5787 2.80643
189.466 61.7878 2.80461
188.883 61.9869 2.80175
188.28 62.1995 2.80126
187.694 62.4024 2.80014
187.089 62.619 2.79729
186.497 62.8267 2.79657
185.892 63.0405 2.79582
185.19 63.289 2.79753
184.568 63.5087 2.79461
184.013 63.7038 2.79619
183.295 63.9548 2.80132
182.686 64.1694 2.79806
182.087 64.3837 2.79845
181.38 64.6377 2.7964
180.779 64.8487 2.7986
180.016 65.1167 2.7996
179.273 65.3789 2.79754
178.611 65.6144 2.79801
178.001 65.8303 2.80037
177.427 66.0292 2.80149
176.792 66.2524 2.80253
176.147 66.4756 2.8097
175.527 66.6906 2.80694
174.945 66.8922 2.80737
174.32 67.1084 2.80342
173.616 67.3594 2.80695
173.071 67.5451 2.80582
172.462 67.7598 2.80671
171.918 67.9481 2.80785
171.29 68.1695 2.81014
170.585 68.4023 2.81939
170.035 68.5889 2.81483
169.389 68.804 2.81261
168.767 69.0186 2.81144
168.046 69.2656 2.81588
167.379 69.4863 2.81488
166.798 69.6821 2.81436
166.197 69.8755 2.81463
165.531 70.1008 2.81269
164.928 70.3078 2.80902
164.219 70.5432 2.80735
163.625 70.7487 2.80682
162.859 71.0144 2.80449
162.191 71.2448 2.80432
161.609 71.447 2.80432
160.946 71.6819 2.80113
160.257 71.9242 2.80209
159.669 72.1291 2.80308
159.05 72.3408 2.79999
158.409 72.5634 2.80166
157.735 72.8011 2.79774
157.035 73.0462 2.79706
156.341 73.2956 2.79557
155.706 73.5208 2.7971
155.071 73.7477 2.79935
154.357 74.0013 2.79823
153.725 74.2197 2.79929
153.001 74.4702 2.80108
152.383 74.6868 2.80216
151.717 74.9216 2.80061
150.93 75.195 2.80258
150.274 75.4221 2.80721
149.595 75.6554 2.8083
148.959 75.8724 2.812
148.295 76.0922 2.81051
147.675 76.302 2.81346
147.032 76.5163 2.81205
146.427 76.7195 2.81034
145.822 76.9275 2.80815
145.185 77.1368 2.81024
144.582 77.3394 2.8113
143.963 77.5507 2.81058
143.332 77.7631 2.81039
142.777 77.9499 2.81287
142.194 78.1455 2.81406
141.549 78.3548 2.81612
140.955 78.5482 2.82126
140.328 78.7529 2.81869
139.692 78.9605 2.81916
139.062 79.1666 2.81631
138.475 79.3591 2.81642
137.777 79.5896 2.81734
137.101 79.8175 2.81472
136.416 80.0463 2.81177
135.801 80.2532 2.81134
135.217 80.4512 2.80939
134.457 80.7096 2.80424
133.829 80.9258 2.80399
133.222 81.1372 2.8015
132.583 81.3569 2.8044
132.002 81.5542 2.80552
131.406 81.7601 2.80492
130.818 81.9653 2.80308
130.13 82.2063 2.79979
129.435 82.4472 2.801
128.67 82.7155 2.79755
127.993 82.9563 2.79853
127.285 83.217 2.78836
126.661 83.4432 2.79067
126.008 83.6703 2.79995
125.269 83.9326 2.79838
124.64 84.1479 2.80155
123.93 84.3956 2.80696
123.299 84.6132 2.80685
122.55 84.8691 2.81
121.92 85.0781 2.81196
121.28 85.2913 2.81395
120.664 85.4999 2.81468
119.995 85.7282 2.81209
119.376 85.9351 2.81364
118.793 86.1245 2.81687
118.198 86.3258 2.81349
117.734 86.4793 2.81628
117.401 86.5923 2.81633
117.267 86.6369 2.82145
117.243 86.6438 2.82361
117.188 86.6603 2.82305
117.16 86.6643 2.82312
117.141 86.6697 2.82327
117.116 86.6769 2.82284
117.128 86.6719 2.82355
117.143 86.6644 2.82419
117.134 86.6653 2.82457
117.112 86.6705 2.82399
117.121 86.6672 2.83588
117.132 86.6635 2.856
117.088 86.6776 2.88325
117.026 86.696 2.92285
116.956 86.7106 2.96671
116.825 86.7337 3.02099
116.767 86.7428 3.06603
116.694 86.7489 3.11977
116.623 86.7573 -3.11588
116.565 86.7534 -3.06514
116.505 86.7453 -3.02102
116.445 86.7349 -2.96967
116.369 86.7187 -2.92244
116.34 86.7077 -2.87411
116.308 86.6997 -2.82282
116.248 86.6837 -2.77822
116.194 86.6572 -2.72733
116.144 86.6335 -2.69542
116.078 86.6026 -2.6811
116.022 86.5834 -2.67642
115.993 86.569 -2.67401
115.946 86.5441 -2.67221
115.701 86.4186 -2.66949
115.269 86.1923 -2.66855
114.717 85.906 -2.66753
113.899 85.5001 -2.67037
113.143 85.1249 -2.67664
112.278 84.7081 -2.68305
111.485 84.3216 -2.68189
110.576 83.8766 -2.68183
109.735 83.4707 -2.68242
108.933 83.0723 -2.67749
108.222 82.7209 -2.67641
107.474 82.3414 -2.67134
106.845 82.0182 -2.66766
106.225 81.6926 -2.6644
105.665 81.3999 -2.66157
105.05 81.0826 -2.66038
104.327 80.7107 -2.65642
103.763 80.3903 -2.64663
103.15 80.0644 -2.64353
102.573 79.7494 -2.63775
101.926 79.3963 -2.63453
101.352 79.0775 -2.63107
100.749 78.7455 -2.63096
100.084 78.3798 -2.63179
99.5765 78.0963 -2.63134
99.0221 77.8014 -2.63291
98.534 77.5242 -2.6337
97.8784 77.169 -2.64197
97.4103 76.9106 -2.64213
96.7176 76.5398 -2.64777
96.2313 76.2707 -2.64901
95.729 76.0109 -2.65625
95.1521 75.7126 -2.65886
94.6644 75.4654 -2.66497
94.1488 75.1981 -2.66786
93.5508 74.8896 -2.66998
92.9348 74.5745 -2.66902
92.2466 74.2225 -2.66983
91.4478 73.819 -2.67118
90.8414 73.5109 -2.67069
90.2732 73.216 -2.66968
89.7496 72.9533 -2.67075
89.3634 72.756 -2.67402
89.2081 72.6804 -2.67398
89.0297 72.5974 -2.66267
88.9451 72.5535 -2.64179
88.8753 72.5101 -2.62075
88.8421 72.4886 -2.61711
88.8272 72.4841 -2.61461
88.7329 72.4278 -2.61274
88.4147 72.2419 -2.60926
87.8264 71.8982 -2.61152
87.1066 71.4902 -2.61625
86.4509 71.1148 -2.61549
85.7179 70.6912 -2.61502
84.8525 70.1885 -2.61476
84.1353 69.7733 -2.61468
83.4336 69.362 -2.61322
82.7989 68.9912 -2.6103
82.1157 68.5907 -2.60912
81.4031 68.1778 -2.60531
80.6977 67.7607 -2.60192
80.0635 67.3876 -2.59879
79.4245 67.0057 -2.59427
78.7051 66.5709 -2.58751
78.1652 66.2423 -2.5825
77.6832 65.933 -2.57545
77.2077 65.6328 -2.57324
76.7903 65.3596 -2.56898
76.2424 65.011 -2.5718
75.6584 64.6421 -2.57353
75.1037 64.2922 -2.57669
74.6477 64.004 -2.57565
74.0484 63.6311 -2.58095
73.4987 63.2973 -2.58655
73.0423 63.0136 -2.5894
72.4142 62.6319 -2.59397
71.9186 62.3267 -2.59606
71.3903 62.0078 -2.59519
70.8036 61.6567 -2.60238
70.2119 61.313 -2.61032
69.7113 61.0201 -2.60547
69.0382 60.6191 -2.60474
68.5139 60.3094 -2.60361
68.0048 60.0128 -2.60653
67.4411 59.6769 -2.60079
66.919 59.3722 -2.6056
66.296 59.008 -2.60692
65.7005 58.6596 -2.60661
65.0999 58.3021 -2.60556
64.4813 57.9374 -2.60703
63.8367 57.557 -2.60699
63.053 57.0911 -2.61192
62.5258 56.784 -2.61246
61.8995 56.4222 -2.61588
61.265 56.0601 -2.6178
60.7246 55.7487 -2.61668
60.057 55.3692 -2.61933
59.3853 54.984 -2.61609
58.8191 54.6485 -2.61256
58.234 54.3044 -2.60961
57.56 53.9022 -2.60733
57.034 53.5913 -2.60667
56.4644 53.2521 -2.60287
56.0756 53.0087 -2.59685
55.8532 52.8764 -2.59268
55.7745 52.8338 -2.58454
55.8202 52.8627 -2.56138
55.8568 52.8798 -2.53342
55.903 52.9047 -2.49958
55.8357 52.8565 -2.47161
55.857 52.8709 -2.4579
55.8934 52.8929 -2.45365
55.9061 52.8956 -2.44847
55.6966 52.7148 -2.44522
55.295 52.3692 -2.44309
54.7846 51.9365 -2.44107
54.2158 51.4566 -2.44239
53.5099 50.8622 -2.44127
52.8734 50.3228 -2.44114
52.1261 49.6975 -2.44067
51.4564 49.1414 -2.43871
50.7712 48.5712 -2.43863
50.1291 48.0367 -2.43568
49.5326 47.526 -2.43195
49.0027 47.0775 -2.43502
48.465 46.6185 -2.43145
47.9146 46.1556 -2.43504
47.4674 45.773 -2.43369
47.0397 45.4087 -2.43451
46.5861 45.0272 -2.43527
46.1153 44.6369 -2.4424
45.6158 44.2295 -2.44575
45.1618 43.8601 -2.45015
44.6726 43.4536 -2.44596
44.1184 43.0021 -2.4454
43.5729 42.5555 -2.44857
43.0599 42.1301 -2.44473
42.5501 41.7096 -2.44514
42.0097 41.2667 -2.44387
41.4737 40.8239 -2.44441
40.9509 40.3924 -2.44202
40.4317 39.9662 -2.44424
39.8853 39.5129 -2.44371
39.2929 39.027 -2.44371
38.7737 38.5903 -2.43914
38.4692 38.3356 -2.4338
38.2973 38.198 -2.43569
38.2852 38.1872 -2.42833
38.2947 38.1912 -2.42715
38.2969 38.1929 -2.4258
38.3249 38.2219 -2.41451
38.3831 38.2696 -2.38963
38.3332 38.2155 -2.36585
38.3563 38.2434 -2.31178
38.376 38.265 -2.26999
38.3748 38.2646 -2.22524
38.3913 38.2764 -2.17548
38.4577 38.358 -2.11992
38.4014 38.3072 -2.07215
38.4741 38.4001 -2.01661
38.5167 38.4613 -1.96259
38.5543 38.5154 -1.9098
38.5844 38.5553 -1.85975
38.6245 38.6085 -1.80847
38.6368 38.6368 -1.74771
38.6391 38.6202 -1.70295
38.6334 38.6074 -1.64616
38.6184 38.566 -1.60103
38.6298 38.5553 -1.5562
38.6154 38.5039 -1.50661
38.6205 38.4466 -1.46513
38.6226 38.4699 -1.42021
38.6298 38.4843 -1.37671
38.6114 38.4762 -1.33067
38.6251 38.4271 -1.28395
38.6219 38.3865 -1.23158
38.6408 38.3748 -1.18701
38.6133 38.3859 -1.14922
38.61 38.3743 -1.09811
38.625 38.3349 -1.04961
38.6734 38.208 -0.999496
38.684 38.1939 -0.955458
38.6733 38.2127 -0.903196
38.6559 38.2918 -0.859903
38.696 38.2183 -0.815695
38.7199 38.1899 -0.76894
38.7264 38.1783 -0.723956
38.7379 38.1755 -0.678042
38.7873 38.1454 -0.631728
38.8635 38.1066 -0.582479
38.8536 38.1218 -0.541607
38.8623 38.1174 -0.492214
38.8788 38.121 -0.453243
38.8985 38.1326 -0.409176
38.9055 38.1401 -0.359831
38.9177 38.146 -0.31028
38.8446 38.1739 -0.267727
38.8263 38.1847 -0.220838
38.7911 38.1949 -0.165444
38.7419 38.1907 -0.118828