40 39.9969 -8.67362e-19
40.0572 39.9499 0.00145715
40.0802 39.9676 0.00143458
40.0752 39.9836 0.00162521
40.0711 39.9742 0.002053
40.053 40.0245 0.00213807
40.0478 40.0502 0.00164876
40.059 40.0152 0.00161934
40.0528 39.9972 0.00274952
40.0576 40.045 0.00284789
40.0476 40.0483 0.00264888
40.0323 40.029 0.00304045
40.0211 40.0967 0.00247181
40.0835 40.0979 0.00536251
40.188 40.0881 0.0142607
40.2523 40.145 0.0195849
40.4123 40.157 0.0274482
40.771 40.171 0.0317064
41.1572 40.1684 0.0331635
41.6754 40.1852 0.0275165
42.1183 40.1895 0.0255469
42.4325 40.1992 0.0204511
42.5264 40.1828 0.0151125
42.4693 40.1819 0.0190431
42.7184 40.1807 0.0118825
43.1356 40.1808 0.00671889
43.6759 40.1857 0.000346043
44.3226 40.1799 -0.00334531
45.2433 40.1806 0.00290546
46.0363 40.1683 -0.00494302
46.9194 40.1583 0.00222069
47.8417 40.1601 -0.000554148
48.5687 40.1519 0.000467626
49.2477 40.1452 0.00213873
49.9903 40.1445 0.00552856
50.8654 40.1475 0.00553649
51.5549 40.1521 0.00972037
52.2414 40.1551 0.0122522
53.0288 40.1895 0.00578368
53.6391 40.1965 0.0101123
54.22 40.2085 0.01312
54.843 40.2155 0.00840823
55.6774 40.2234 0.015436
56.2599 40.2293 0.013998
56.8754 40.2421 0.0120192
57.6304 40.2653 0.00770407
58.3108 40.2721 0.0107412
58.9353 40.2759 0.0136335
59.6789 40.2896 0.0145341
60.4702 40.2956 0.00720883
61.1394 40.294 0.00155571
61.8588 40.2933 0.00562133
62.507 40.3008 0.00661248
63.2277 40.3032 0.0048136
63.8737 40.3092 0.00718016
64.5767 40.3167 0.0101738
65.394 40.3208 0.0120252
66.0593 40.3239 0.00698366
66.7297 40.3336 0.00437095
67.3639 40.3334 0.000777567
68.1514 40.3359 0.00589081
68.7936 40.3333 -0.000709166
69.4149 40.3302 -0.00107012
70.1652 40.3296 -0.00422681
70.8214 40.3259 -0.00729287
71.5578 40.3207 -0.00529909
72.2153 40.3206 -0.00441625
72.9488 40.32 -0.000469141
73.6525 40.3177 -0.0024421
74.3969 40.3088 -0.00579032
75.1381 40.3098 0.000113951
75.7508 40.318 -0.000322561
76.4351 40.3228 0.00227155
77.1677 40.3427 0.00841202
77.9483 40.3556 0.00845369
78.6051 40.3691 0.0134563
79.251 40.3832 0.0134886
80.0663 40.3959 0.0232941
80.6841 40.4064 0.021512
81.3902 40.4214 0.017082
82.032 40.4326 0.0159037
82.8084 40.4467 0.0196507
83.4535 40.4613 0.0239365
84.1311 40.4748 0.0228207
84.9711 40.4964 0.0254796
85.6164 40.5168 0.0211196
86.2479 40.5449 0.0241905
86.8865 40.5607 0.0193774
87.6603 40.5758 0.0187133
88.2351 40.5835 0.0111517
88.8452 40.5963 0.0157744
89.5356 40.6069 0.0107038
90.1417 40.6142 0.0109686
90.9108 40.6306 0.0163126
91.5351 40.638 0.00359563
92.2613 40.641 0.00366302
92.9114 40.6424 0.00315572
93.5724 40.6534 0.00346774
94.3327 40.6633 0.00824444
95.0749 40.6669 0.000561597
95.643 40.6718 0.00356444
96.2046 40.6716 -7.42681e-05
96.8659 40.6702 -0.00121625
97.4884 40.6721 -0.00332227
98.1397 40.6807 -0.000199395
98.768 40.6971 -0.00181594
99.6259 40.7001 -0.00234657
100.265 40.7012 -0.0053022
100.945 40.6953 -0.00652167
101.757 40.6903 -0.00817771
102.509 40.693 -0.00326804
103.158 40.6945 -0.00263379
103.855 40.6942 -0.00384437
104.676 40.6937 -0.00188092
105.341 40.6981 0.00265718
106.056 40.7085 0.00735632
106.699 40.7251 0.0163975
107.443 40.7422 0.0155505
108.06 40.7569 0.0176355
108.681 40.7704 0.0195141
109.423 40.7862 0.0197021
110.069 40.8014 0.0227211
110.676 40.8141 0.0209277
111.337 40.8317 0.0237519
112.071 40.8555 0.028083
112.755 40.8732 0.0216588
113.375 40.8863 0.0171002
114.268 40.9088 0.0184882
114.969 40.921 0.0173953
115.67 40.9292 0.0144883
116.296 40.9377 0.0111021
117.073 40.9488 0.0162467
117.764 40.9573 0.0104113
118.494 40.968 0.0119274
119.187 40.979 0.0112861
120.017 40.9954 0.012451
120.693 41.0081 0.016917
121.362 41.019 0.0146322
122.121 41.0293 0.0105744
122.875 41.0365 0.00438041
123.575 41.0411 0.00388323
124.301 41.0423 0.00145247
125.046 41.0417 -0.00350616
125.702 41.0421 -0.00244481
126.36 41.0484 -0.00208424
127.193 41.045 -0.00803099
127.901 41.0404 -0.00872685
128.553 41.0407 -0.00649638
129.216 41.0374 -0.00909201
130.026 41.0306 -0.00232909
130.722 41.0291 -0.00230304
131.394 41.0265 -0.0033779
132.116 41.0254 -0.00213411
132.886 41.0372 0.000968179
133.537 41.0287 0.00329405
134.231 41.0327 0.00951986
134.993 41.0562 0.0249304
135.633 41.0715 0.0210868
136.284 41.0857 0.0208415
136.944 41.098 0.0176143
137.669 41.1114 0.0192014
138.302 41.1406 0.0226873
138.936 41.1554 0.0190042
139.683 41.1774 0.0230955
140.319 41.1923 0.0229392
140.951 41.2081 0.0208348
141.608 41.2218 0.0208456
142.359 41.24 0.0230654
143.028 41.2609 0.0232829
143.639 41.2736 0.0193547
144.308 41.2865 0.0193847
145.036 41.304 0.0213254
145.674 41.3179 0.0210577
146.336 41.3334 0.0221283
147.098 41.351 0.0187801
147.768 41.362 0.0130821
148.433 41.3717 0.0129879
149.211 41.3873 0.0145189
150 41.3942 0.00930603
150.717 41.4034 0.00866476
151.433 41.4153 0.0101262
152.253 41.421 0.0052858
152.948 41.4256 0.00598936
153.617 41.4269 0.001768
154.235 41.4293 0.000432381
155 41.4314 0.000961292
155.66 41.4307 -0.00146807
156.283 41.4446 0.00093913
156.907 41.4442 -0.000333182
157.609 41.4452 -0.000639161
158.233 41.4441 -0.00261377
158.919 41.4405 -0.00653926
159.717 41.4365 -0.00238478
160.387 41.4378 0.00238471
161.086 41.4402 0.00535413
161.743 41.444 0.00904058
162.293 41.4568 0.0205713
162.593 41.4611 0.0266705
162.734 41.4643 0.0336453
162.796 41.4658 0.0335377
162.832 41.4623 0.0463116
162.887 41.4532 0.0743297
162.956 41.4467 0.110719
163.022 41.4532 0.136997
163.069 41.4564 0.147643
163.115 41.4594 0.153822
163.148 41.46 0.157201
163.181 41.4645 0.159186
163.475 41.5111 0.161057
163.963 41.5945 0.161328
164.605 41.7093 0.164072
165.421 41.8494 0.166509
166.209 41.9873 0.169951
166.936 42.112 0.169162
167.834 42.2688 0.16919
168.571 42.3958 0.168124
169.28 42.5144 0.166955
170.014 42.6378 0.169393
170.848 42.7831 0.171734
171.576 42.9088 0.176133
172.21 43.0226 0.173459
172.974 43.1547 0.172093
173.495 43.246 0.171465
173.839 43.3061 0.170034
174.037 43.3379 0.169794
174.099 43.3466 0.171246
174.169 43.3565 0.19198
174.27 43.3688 0.219429
174.35 43.3848 0.232417
174.408 43.394 0.234837
174.458 43.4051 0.236398
174.708 43.4753 0.244435
175.12 43.5801 0.241952
175.812 43.7519 0.243031
176.496 43.9223 0.242136
177.23 44.1054 0.243976
178.124 44.3252 0.242604
178.867 44.5085 0.24289
179.65 44.6981 0.239636
180.385 44.8769 0.238282
181.195 45.0719 0.235555
181.871 45.2306 0.231621
182.401 45.3523 0.227911
182.836 45.4526 0.228016
183.032 45.4958 0.232358
183.183 45.5267 0.250731
183.325 45.554 0.286136
183.443 45.5923 0.330297
183.628 45.6419 0.364344
183.778 45.6858 0.398645
183.832 45.7016 0.411422
183.853 45.7062 0.415155
183.891 45.7158 0.417738
183.921 45.7245 0.419438
183.943 45.7311 0.428321
184.306 45.8917 0.441102
184.787 46.123 0.442042
185.389 46.4125 0.438981
186.282 46.8413 0.445245
187.031 47.1983 0.444429
187.738 47.5299 0.436394
188.476 47.875 0.439277
189.282 48.2526 0.437059
189.895 48.5349 0.435184
190.505 48.8161 0.432201
191.22 49.1487 0.434091
191.818 49.4245 0.437956
192.388 49.6866 0.434275
192.968 49.9519 0.43527
193.615 50.2512 0.436754
194.18 50.5122 0.438233
194.754 50.7819 0.441394
195.342 51.0557 0.441378
195.981 51.3513 0.438333
196.564 51.6242 0.44001
197.001 51.8248 0.44246
197.343 51.9824 0.46023
197.52 52.069 0.468932
197.589 52.0976 0.470085
197.633 52.1166 0.472267
197.7 52.1452 0.474028
197.769 52.1843 0.475366
197.865 52.2301 0.478375
198.144 52.3679 0.476975
198.593 52.5964 0.475164
198.837 52.7184 0.478611
198.92 52.7555 0.481614
198.948 52.7646 0.481759
199.004 52.7982 0.482447
199.044 52.8177 0.482725
199.068 52.8246 0.482084
199.086 52.8291 0.481859
199.106 52.8346 0.481538
199.118 52.8352 0.481443
199.139 52.842 0.4814
199.156 52.8476 0.481242
199.184 52.8568 0.481625
199.202 52.8623 0.481823
199.22 52.869 0.481814
199.231 52.8721 0.481526
199.249 52.8772 0.481771
199.264 52.8815 0.481931
199.272 52.882 0.481828
199.285 52.8838 0.481923
199.294 52.8851 0.481833
199.306 52.8879 0.481863
199.434 52.9511 0.480335
199.835 53.1564 0.481681
200.148 53.3151 0.478555
200.325 53.4058 0.480869
200.354 53.4184 0.480683
200.375 53.4269 0.481143
200.388 53.4309 0.481214
200.422 53.4497 0.482124
200.434 53.4516 0.483041
200.46 53.4679 0.484756
200.479 53.4769 0.485223
200.493 53.4811 0.485496
200.498 53.4787 0.484992
200.504 53.4784 0.485136
200.525 53.4938 0.485275
200.529 53.4929 0.48534
200.529 53.4892 0.490212
200.536 53.4899 0.523048
200.505 53.4709 0.581984
200.453 53.44 0.63187
200.441 53.4286 0.693359
200.37 53.3727 0.749533
200.295 53.3106 0.797245
200.227 53.2396 0.864787
200.306 53.2889 0.923513
200.319 53.2918 0.974914
200.3 53.2657 1.02491
200.308 53.2684 1.08588
200.297 53.2595 1.13404
200.254 53.2164 1.18531
200.24 53.2121 1.2364
200.219 53.181 1.28924
200.204 53.1619 1.33537
200.208 53.1797 1.38351
200.229 53.216 1.44016
200.226 53.2085 1.48443
200.238 53.2481 1.53228
200.25 53.2767 1.57476
200.234 53.2862 1.62691
200.235 53.3354 1.67446
200.226 53.3801 1.72724
200.24 53.4341 1.77659
200.227 53.484 1.81639
200.23 53.4772 1.85954
200.231 53.5367 1.91316
200.223 53.6019 1.9643
200.224 53.6128 2.01329
200.239 53.6274 2.06377
200.262 53.6053 2.11154
200.286 53.5902 2.16169
200.27 53.6171 2.20414
200.278 53.6213 2.25156
200.273 53.6331 2.3
200.29 53.6341 2.35198
200.288 53.6372 2.40002
200.335 53.604 2.44606
200.337 53.6115 2.48506
200.33 53.6341 2.50029
200.338 53.6363 2.506
200.333 53.6389 2.50772
200.337 53.6556 2.51296
200.343 53.6505 2.52849
200.322 53.6836 2.55696
200.362 53.656 2.60144
200.419 53.6068 2.64139
200.436 53.5907 2.6865
200.376 53.6335 2.73759
200.394 53.61 2.79609
200.469 53.5659 2.8505
200.489 53.5468 2.90497
200.487 53.5278 2.96091
200.332 53.5512 3.01964
200.273 53.5542 3.06065
200.26 53.5427 3.0618
200.2 53.5375 3.04292
200.129 53.5405 3.01053
200.151 53.5139 2.98509
200.1 53.5193 2.94817
200.062 53.5217 2.88545
200.018 53.5288 2.83171
200.006 53.5323 2.78502
200.031 53.5144 2.74364
199.972 53.5464 2.73282
199.971 53.5504 2.72806
199.919 53.5879 2.72588
199.906 53.6177 2.72445
199.669 53.731 2.72234
199.198 53.9432 2.71762
198.588 54.2253 2.70923
197.767 54.6046 2.70732
197.02 54.9484 2.71318
196.285 55.2819 2.71317
195.548 55.6185 2.71278
194.767 55.9713 2.71729
194.059 56.2888 2.71723
193.317 56.6262 2.71935
192.579 56.9542 2.7242
191.803 57.3022 2.72457
191.117 57.6083 2.72701
190.499 57.8762 2.72462
189.754 58.2124 2.72565
189.164 58.4755 2.73213
188.588 58.7271 2.73363
188.085 58.9436 2.73309
187.443 59.2275 2.7328
186.894 59.4581 2.73306
186.332 59.7024 2.73324
185.714 59.9733 2.7355
185.083 60.2409 2.73343
184.565 60.4693 2.73163
183.963 60.7328 2.72844
183.432 60.9756 2.7269
182.834 61.2393 2.7238
182.288 61.4902 2.71764
181.815 61.7041 2.71674
181.18 61.9946 2.71144
180.625 62.2468 2.71158
180.074 62.5038 2.71009
179.495 62.7695 2.7111
178.854 63.0651 2.70837
178.295 63.3221 2.71094
177.683 63.6028 2.7081
177.11 63.8669 2.70814
176.483 64.1618 2.7161
175.896 64.4345 2.7128
175.232 64.7357 2.71255
174.661 64.9961 2.71324
173.938 65.3247 2.71054
173.341 65.6069 2.71171
172.709 65.9013 2.71173
171.987 66.2356 2.70952
171.346 66.5334 2.71431
170.663 66.8444 2.71465
170.046 67.1246 2.71767
169.347 67.4472 2.71643
168.691 67.7396 2.71664
168.07 68.0207 2.71883
167.439 68.3074 2.71859
166.711 68.6367 2.71687
166.099 68.908 2.71963
165.528 69.1651 2.71913
164.956 69.4206 2.72018
164.253 69.7358 2.71819
163.668 69.9975 2.72256
163.017 70.2915 2.7202
162.476 70.5334 2.71746
161.797 70.8411 2.71316
161.207 71.1063 2.71554
160.558 71.4023 2.71256
159.818 71.75 2.71306
159.187 72.0382 2.7115
158.526 72.3443 2.70772
157.865 72.6469 2.71158
157.123 72.9899 2.71009
156.551 73.2503 2.71106
155.943 73.534 2.70928
155.34 73.8129 2.70716
154.683 74.1246 2.70183
154.108 74.4007 2.71074
153.512 74.6737 2.70863
152.996 74.8995 2.71534
152.278 75.2243 2.71541
151.673 75.4976 2.71404
151.126 75.745 2.71842
150.475 76.0343 2.71938
149.914 76.2881 2.72065
149.385 76.5228 2.72434
148.816 76.7767 2.72389
148.115 77.095 2.72022
147.467 77.3844 2.71844
146.874 77.6496 2.71941
146.317 77.898 2.71751
145.495 78.2704 2.71479
144.886 78.5449 2.71954
144.308 78.8024 2.71837
143.673 79.0885 2.72314
142.935 79.415 2.72701
142.295 79.6989 2.72664
141.611 80.0001 2.72538
141.001 80.2707 2.73041
140.227 80.6118 2.7331
139.558 80.9023 2.73009
138.967 81.1599 2.73233
138.32 81.4416 2.7338
137.592 81.7564 2.73103
136.988 82.0158 2.73183
136.384 82.2764 2.73282
135.651 82.5946 2.73054
135.086 82.8398 2.73117
134.468 83.1085 2.72953
133.849 83.3813 2.72519
133.178 83.6796 2.7207
132.564 83.9538 2.71902
131.968 84.2224 2.72038
131.329 84.5105 2.71793
130.72 84.7784 2.72193
130.184 85.0201 2.71712
129.576 85.2944 2.71469
128.967 85.5745 2.70885
128.256 85.9058 2.70707
127.687 86.1674 2.71223
127.078 86.4457 2.71302
126.463 86.7288 2.71547
125.777 87.039 2.71786
125.175 87.3145 2.71802
124.572 87.5857 2.71943
124.032 87.8264 2.72348
123.317 88.1451 2.72058
122.732 88.404 2.72498
122.121 88.6772 2.72431
121.41 88.9932 2.721
120.791 89.2701 2.72078
120.166 89.5472 2.72146
119.545 89.8268 2.71913
118.769 90.1707 2.72157
118.149 90.4442 2.72411
117.515 90.7202 2.72454
116.98 90.9527 2.72413
116.519 91.1557 2.72279
116.251 91.276 2.72312
116.185 91.303 2.72563
116.193 91.296 2.72592
116.14 91.3218 2.72668
116.107 91.3338 2.72677
116.075 91.3492 2.72713
116.024 91.3711 2.72921
115.99 91.3873 2.74644
115.959 91.4008 2.77131
115.898 91.4267 2.80379
115.994 91.4035 2.85884
115.905 91.4294 2.90388
115.823 91.4534 2.9501
115.716 91.4803 3.00311
115.645 91.4908 3.06303
115.612 91.4934 3.11797
115.615 91.486 -3.1144
115.602 91.4832 -3.06236
115.623 91.4706 -3.01046
115.609 91.4641 -2.95901
115.672 91.4568 -2.90876
115.734 91.4586 -2.8603
115.746 91.4607 -2.81382
115.892 91.4816 -2.75806
116.001 91.4965 -2.71755
116.018 91.4975 -2.67268
115.924 91.4713 -2.64203
115.93 91.4602 -2.61513
115.853 91.4381 -2.60944
115.843 91.4095 -2.60393
115.805 91.3972 -2.60181
115.721 91.3612 -2.60138
115.625 91.3392 -2.60065
115.621 91.3325 -2.59951
115.541 91.3044 -2.59887
115.531 91.2755 -2.59625
115.492 91.2669 -2.59597
115.472 91.265 -2.59522
115.481 91.2652 -2.59439
115.495 91.269 -2.59369
115.452 91.2532 -2.59374
115.391 91.2223 -2.59405
115.202 91.0911 -2.59128
114.813 90.8504 -2.59114
114.308 90.5419 -2.5916
113.594 90.1007 -2.59339
112.903 89.6849 -2.59498
112.157 89.2442 -2.59687
111.519 88.8528 -2.59302
110.648 88.3269 -2.59013
109.964 87.9075 -2.58887
109.271 87.4804 -2.58825
108.479 86.9973 -2.59066
107.649 86.4929 -2.5925
106.977 86.09 -2.59131
106.283 85.6678 -2.59074
105.539 85.2163 -2.58934
105.035 84.9006 -2.58263
104.585 84.6098 -2.57425
103.983 84.2359 -2.57925
103.279 83.7977 -2.58183
102.655 83.417 -2.58274
101.999 83.009 -2.57974
101.506 82.6951 -2.57372
100.905 82.3098 -2.57166
100.355 81.9616 -2.57346
99.7777 81.5926 -2.57257
99.115 81.1796 -2.58034
98.3998 80.7397 -2.58266
97.8922 80.4227 -2.58122
97.3859 80.0901 -2.57989
96.8454 79.7534 -2.58326
96.2066 79.3626 -2.58867
95.7239 79.0648 -2.58828
95.1912 78.7342 -2.58882
94.5522 78.3465 -2.59375
93.9655 77.9659 -2.58575
93.3865 77.6155 -2.5902
92.789 77.2452 -2.59197
92.2297 76.884 -2.58642
91.5564 76.4712 -2.5908
90.9816 76.128 -2.59734
90.3775 75.7695 -2.59957
89.6984 75.3621 -2.60136
89.1328 75.0254 -2.6023
88.6055 74.7064 -2.59795
88.1258 74.4134 -2.59534
87.499 74.042 -2.59914
87.0295 73.7559 -2.59301
86.5105 73.4388 -2.59333
85.9504 73.0964 -2.59127
85.2817 72.69 -2.59144
84.7457 72.362 -2.58809
84.2949 72.0767 -2.58173
83.6864 71.7008 -2.58914
83.0233 71.2927 -2.58886
82.4542 70.9454 -2.58963
81.9176 70.6147 -2.58582
81.3758 70.275 -2.58426
80.7254 69.8637 -2.57927
80.1879 69.5253 -2.5799
79.6517 69.184 -2.57646
79.0778 68.8259 -2.57807
78.4473 68.426 -2.57472
77.8215 68.0302 -2.57714
77.1317 67.5979 -2.57991
76.6231 67.2693 -2.57047
75.9928 66.8712 -2.57205
75.4289 66.5179 -2.57507
74.8641 66.1571 -2.57431
74.2746 65.7854 -2.57644
73.5269 65.3227 -2.58221
72.9682 64.9797 -2.5843
72.4237 64.6366 -2.58385
71.6432 64.1577 -2.59054
71.0762 63.7962 -2.58728
70.5502 63.4788 -2.59133
70.0245 63.139 -2.5864
69.381 62.74 -2.5855
68.8053 62.3875 -2.58867
68.2184 62.029 -2.59109
67.6962 61.7063 -2.58697
67.0153 61.2962 -2.59439
66.3464 60.8939 -2.59436
65.7761 60.5512 -2.59357
65.2367 60.2074 -2.5854
64.606 59.8224 -2.5891
64.0838 59.4959 -2.58483
63.5205 59.1495 -2.5881
63.0127 58.8359 -2.58369
62.314 58.4146 -2.58518
61.7988 58.0962 -2.58329
61.2252 57.7457 -2.58475
60.5848 57.3476 -2.58588
59.9588 56.9591 -2.5862
59.3254 56.5593 -2.58676
58.7822 56.2275 -2.58857
58.1737 55.8548 -2.5887
57.5633 55.4947 -2.58946
56.9498 55.1227 -2.58778
56.4182 54.7925 -2.58024
55.6919 54.3398 -2.58451
54.9732 53.8918 -2.58227
54.3814 53.5212 -2.57903
53.7432 53.1309 -2.58015
53.1042 52.73 -2.57929
52.3977 52.2888 -2.57603
51.8845 51.9832 -2.57606
51.2069 51.5462 -2.57078
50.6253 51.1828 -2.57019
49.9546 50.7498 -2.5678
49.3144 50.35 -2.57505
48.8368 50.0566 -2.57758
48.5707 49.8964 -2.57447
48.3682 49.7511 -2.56876
48.3518 49.7412 -2.55656
48.3466 49.7468 -2.54114
48.3372 49.7321 -2.50737
48.3667 49.7621 -2.48521
48.3636 49.7601 -2.47824
48.3686 49.7649 -2.47479
48.3624 49.7627 -2.46743
48.4117 49.801 -2.4465
48.4606 49.8407 -2.41456
48.5045 49.8827 -2.38684
48.5335 49.9053 -2.37182
48.5399 49.9125 -2.36574
48.5246 49.8925 -2.3625
48.2668 49.6385 -2.36026
47.7778 49.1598 -2.36138
47.2258 48.6139 -2.36246
46.6433 48.042 -2.36653
46.0594 47.4765 -2.3717
45.297 46.7427 -2.37406
44.6353 46.1134 -2.37323
44.0732 45.5819 -2.37605
43.4643 45.0027 -2.37743
42.6422 44.1984 -2.37084
42.2472 43.8103 -2.37033
41.6238 43.1891 -2.36012
41.1481 42.7269 -2.36735
40.6575 42.25 -2.36881
40.1144 41.7307 -2.36685
39.7 41.3386 -2.36158
39.4131 41.0406 -2.35711
39.2742 40.9163 -2.34915
39.262 40.9043 -2.35135
39.2614 40.906 -2.35387
39.3205 40.9693 -2.33796
39.3939 41.0424 -2.32274
39.4042 41.0555 -2.30113
39.3832 41.036 -2.27066
39.3873 41.0447 -2.23179
39.3652 41.0204 -2.18349
39.3442 40.9961 -2.12904
39.4186 41.0942 -2.07646
39.4436 41.1237 -2.03159
39.4527 41.1236 -1.96828
39.475 41.1471 -1.91818
39.4776 41.1421 -1.8654
39.4579 41.1059 -1.80991
39.4772 41.122 -1.7563
39.466 41.0665 -1.7169
39.472 41.0535 -1.66468
39.4762 41.0571 -1.61374
39.4568 41.009 -1.5618
39.4385 40.8511 -1.51378
39.4478 40.8672 -1.46681
39.4329 40.7403 -1.41048
39.3936 40.7187 -1.35495
39.3857 40.7187 -1.30598
39.3309 40.8035 -1.27026
39.3358 40.817 -1.22253
39.3396 40.7368 -1.17127
39.3186 40.761 -1.12271
39.3044 40.8192 -1.08362
39.2691 40.9175 -1.0362
39.2889 40.8608 -0.9853
39.292 40.8565 -0.940185
39.2953 40.8388 -0.89328
39.3004 40.8369 -0.843357
39.2205 40.8904 -0.795195
39.2396 40.8574 -0.746657
39.0708 40.9965 -0.701401
39.0948 40.9515 -0.649648
39.1169 40.9278 -0.601304
39.1237 40.9202 -0.556765
39.1461 40.8855 -0.512359
39.1916 40.8261 -0.462551
39.1631 40.8346 -0.416676
39.1295 40.8499 -0.369792
39.1116 40.8528 -0.323114
39.068 40.8686 -0.28033
39.0312 40.8908 -0.228407
38.9623 40.9234 -0.182403
38.8581 40.9604 -0.135461
38.7792 40.9884 -0.0822628
38.7075 41.003 -0.0305601
38.7366 41.008 0.00575947
38.789 41.0185 0.0210554
38.7644 41.0231 0.0286418
38.7383 41.0496 0.0347492
38.7395 41.0468 0.036401
38.7251 41.0511 0.0373759
38.6977 41.0582 0.0389902
38.7066 41.0489 0.0404543
38.6937 41.0498 0.0410274
38.6823 41.0683 0.0415962
38.6685 41.0694 0.0425192
38.6644 41.0869 0.0429019
38.6673 41.0918 0.0437288
38.6619 41.0973 0.0439894
38.6655 41.0925 0.0445718
38.6883 41.098 0.0376532
38.6982 41.0882 0.0365148
38.6835 41.0905 0.0377466
38.6862 41.0849 0.0382672
38.6808 41.0772 0.0378155
38.6762 41.0771 0.0378442
38.6738 41.0982 0.037423
38.6749 41.098 0.0375963
38.6743 41.0977 0.0378884
38.6681 41.0963 0.0377694
38.663 41.0926 0.0383263
38.6611 41.0861 0.0382643
38.6625 41.0843 0.0372643
38.6902 41.0793 0.0215055
38.7188 41.0829 0.0206142
38.7126 41.0829 0.0210549
38.7054 41.0813 0.0207451
38.6932 41.0809 0.0218355
38.6872 41.0845 0.0221463
38.6833 41.0646 0.0228947
38.679 41.0606 0.0228731
38.6738 41.0608 0.0224319
38.6767 41.0583 0.0218108
38.6689 41.0593 0.021896
38.6634 41.058 0.0221409
38.6598 41.0598 0.0222183
38.6559 41.074 0.0216951
38.6507 41.0757 0.0216342
38.6465 41.0771 0.0216526
38.6441 41.0617 0.0217049
38.6461 41.0472 0.0215082
38.6417 41.0447 0.0212254
38.6403 41.0465 0.0211023
38.6409 41.0444 0.0209583
38.6379 41.0431 0.0207643
38.6345 41.0455 0.0208637
38.634 41.0517 0.0206631
38.6311 41.0505 0.0207751
38.6323 41.0471 0.020793
38.6309 41.0432 0.020697
38.6276 41.0439 0.0206057
38.6243 41.0576 0.0202084
38.6204 41.0553 0.0201839
38.6214 41.0555 0.0201778
38.6186 41.0518 0.0203853
38.6163 41.0509 0.0204711
38.6159 41.0492 0.0204682
38.6146 41.0491 0.020424
38.6153 41.0509 0.0202345
38.6112 41.0606 0.0201509
38.6091 41.055 0.0202825
38.6067 41.057 0.0203493
38.606 41.0565 0.0202171
38.6054 41.0563 0.0202774
38.6037 41.0528 0.0203378
38.6045 41.0519 0.0203621
38.6021 41.0497 0.0202717
38.6 41.045 0.020239
38.599 41.0457 0.0202062
38.599 41.0555 0.0199556
38.5966 41.0543 0.0199448
38.5961 41.0534 0.0200356
38.5957 41.0446 0.020098
38.5944 41.0445 0.0199516
38.5927 41.0453 0.0199327
38.5931 41.0363 0.0199596
38.5935 41.034 0.0199163
38.5907 41.0313 0.0198865
38.5904 41.0314 0.0198708
38.5912 41.0227 0.0198664
38.5867 41.0239 0.0198182
38.5852 41.0293 0.0197306
38.5834 41.0292 0.0196448
38.5806 41.0312 0.0195564
38.5776 41.0289 0.0196052
38.5792 41.0186 0.0196445
38.5777 41.0184 0.0196597
38.5761 41.0164 0.019607
38.5739 41.0126 0.0196613
38.5716 41.0109 0.0196422
38.5704 41.0113 0.0196345
38.5706 41.02 0.0194545
38.5702 41.0197 0.0194159
38.5701 41.02 0.0193584
38.5674 41.0197 0.0193281
38.5674 41.0211 0.0194077
38.5669 41.0208 0.0193878
38.5651 41.0209 0.0194289
38.5633 41.0144 0.0194705
38.5639 41.005 0.0194924
38.5643 41.0047 0.0195431
38.5632 41.0133 0.019425
38.5611 41.0146 0.0194014
38.5601 41.015 0.0193985
38.5601 41.0146 0.0194143
38.5602 41.0151 0.0194326
38.5608 41.0158 0.0194521
38.5615 41.0154 0.0193781
38.5611 41.0151 0.0193306
38.5607 41.0249 0.0191579
38.5604 41.0246 0.0191383
38.5582 41.0246 0.0191316
38.5563 41.0252 0.0191571
38.5562 41.0267 0.0192094
38.5567 41.028 0.0192064
38.556 41.0279 0.019093
38.5552 41.0394 0.0190345
38.5538 41.0393 0.019067
38.5533 41.0422 0.0190849
38.5536 41.0418 0.0191231
38.5533 41.0454 0.0191381
38.5532 41.0451 0.0191561
38.5529 41.0443 0.0191141
38.5521 41.0372 0.0191602
38.5511 41.0384 0.0191242
38.5509 41.0389 0.0191344
38.5517 41.0392 0.0191383
38.5517 41.0382 0.019087
38.5504 41.0375 0.0190592
38.5503 41.037 0.0190962
38.55 41.0364 0.0191452
38.5499 41.0376 0.0191756
38.5498 41.0386 0.0192099
38.5498 41.0398 0.0192484
38.5497 41.0402 0.0192839
38.5496 41.0411 0.0193121
38.5493 41.0435 0.0193311
38.5491 41.0381 0.0192435
38.5487 41.0387 0.0192484
38.5486 41.0391 0.0192114
38.5479 41.0389 0.0191879
38.5466 41.04 0.0191543
38.5451 41.0409 0.019169
38.5445 41.0423 0.0191762
38.5443 41.0343 0.0191693
38.5444 41.0356 0.0191413
38.5443 41.0355 0.0191721
38.5439 41.0365 0.0191804
38.5432 41.0368 0.0191393
38.5432 41.0377 0.0190669
38.5423 41.0375 0.0190294
38.5417 41.0379 0.0189661
38.5407 41.0377 0.0189361
38.5395 41.0387 0.0188882
38.5389 41.0389 0.018814
38.5384 41.0393 0.0187986
38.5378 41.045 0.0187807
38.5377 41.0459 0.0187243
38.5372 41.0469 0.0186787
38.5361 41.0479 0.0186877
38.535 41.0481 0.0186979
38.535 41.049 0.0186593
38.5344 41.0499 0.0186077
38.5341 41.0494 0.0186099
38.533 41.0496 0.0185683
38.5335 41.0432 0.0185757
38.5336 41.0432 0.0185559
38.5328 41.0439 0.018563
38.5328 41.0402 0.0185398
38.5323 41.0411 0.0184799
38.5318 41.0413 0.0184297
38.5309 41.0417 0.0184458
38.5302 41.0414 0.0184694
38.53 41.0421 0.0184708
38.5297 41.0425 0.0184844
38.5293 41.0429 0.0184459
38.5288 41.0408 0.0184515
38.529 41.0409 0.0184336
38.529 41.0354 0.0184535
38.5288 41.0366 0.0184819
38.5278 41.0358 0.0184535
38.5282 41.0361 0.018425
38.5285 41.0313 0.0184214
38.5289 41.0267 0.0184396
38.5285 41.0256 0.0184557
38.5277 41.0249 0.018449
38.5275 41.0283 0.0184569
38.5275 41.0277 0.0184528
38.5279 41.027 0.0184278
38.5281 41.0303 0.0184113
38.5292 41.0273 0.0184324
38.5296 41.027 0.0184264
38.5303 41.0262 0.0184347
38.5308 41.0196 0.0184658
38.5307 41.0144 0.0184889
38.5312 41.0079 0.0185225
38.5317 41.0021 0.0185488
38.5316 41.0018 0.0185805
38.532 41.002 0.0186174
38.5317 41.0027 0.0186314
38.5315 41.0027 0.0186467
38.5312 41.0034 0.0186627
38.5314 41.0029 0.018683
38.5311 41.0034 0.018691
38.5303 41.0034 0.018642
38.53 41.0038 0.0186565
38.5293 41.0046 0.0186449
38.5289 41.0055 0.0186401
38.528 41.0062 0.0186197
38.5278 41.007 0.0186287
38.5275 41.0068 0.0186347
38.5271 41.0066 0.0186366
38.5273 41.0043 0.0186377
38.527 41.0052 0.0186336
38.5269 41.0062 0.0186345
38.5273 41.0067 0.0186571
38.5269 41.007 0.0186365
38.5263 41.0075 0.0186125
38.526 41.0085 0.0186065
38.5252 41.009 0.0185779
38.5248 41.0096 0.0185522
38.5246 41.0099 0.0185577
38.5243 41.0104 0.0185657
38.5234 41.0108 0.0185601
38.5232 41.0111 0.0185801
38.5231 41.0146 0.0185591
38.5231 41.015 0.01858
38.5236 41.0105 0.0186206
38.5235 41.0102 0.0186363
38.5232 41.0102 0.0186122
38.5227 41.0106 0.0185954
38.522 41.0103 0.0185635
38.5223 41.0101 0.0185331
38.5221 41.0101 0.0185208
38.5223 41.0103 0.0185246
38.5219 41.0095 0.0185272
38.5218 41.0086 0.018508
38.5217 41.0085 0.0184959
38.5217 41.0084 0.0184866
38.5217 41.008 0.0184779
38.5212 41.0071 0.0184635
38.5208 41.0069 0.0184412
38.5204 41.0068 0.0184198
38.5204 41.0063 0.0184039
38.52 41.0055 0.0183843
38.5196 41.0046 0.0183573
38.5196 41.0043 0.0183428
38.5194 41.003 0.0183598
38.5191 41.003 0.0183569
38.519 41.004 0.0183671
38.5191 41.0005 0.0183901
38.5185 41.0037 0.0183771
38.5181 41.0038 0.0183653
38.5182 41.0033 0.0183754
38.5178 41.0033 0.0183582
38.5182 41.0037 0.0183781
38.5177 41.004 0.018391
38.5175 41.004 0.0183916
38.5176 41.0047 0.018416
38.5174 41.0074 0.0183957
38.5174 41.0118 0.0183541
38.5176 41.0115 0.0183631
38.5173 41.012 0.0183645
38.5173 41.0115 0.0183494
38.5173 41.011 0.018339
38.5177 41.0067 0.018355
38.5179 41.0068 0.0183697
