*********************1************************
--------------observations--------------
   -0.0354    1.5441    3.1117   -1.5985   -0.8506   -0.0495
   83.5253   80.2168   40.4018   40.1251   83.8360   83.5754

------------ measurement prediction ----------
   -0.0354    1.5441    3.1117   -1.5985   -0.8506   -0.0495
   83.5253   80.2168   40.4018   40.1251   83.8360   83.5754

matches=8
--------------matches--------------
   -0.0354   -0.0354    1.5441    3.1117   -1.5985   -0.8506   -0.0495   -0.0495
   83.5253   83.5253   80.2168   40.4018   40.1251   83.8360   83.5754   83.5754

theta=0.00(0.00o) theta=0.00(0.00o) kalman
*********************2************************
--------------observations--------------
   -0.0252    1.5254    3.1100   -1.5960   -0.0311
   83.5487   79.9365   41.2297   39.9846   83.5970

------------ measurement prediction ----------
   -0.0354    1.5441    3.1117   -1.5985   -0.8506   -0.0495
   83.5253   80.2170   40.4018   40.1249   83.8359   83.5754

matches=7
--------------matches--------------
   -0.0252   -0.0252    1.5254    3.1100   -1.5960   -0.0311   -0.0311
   83.5487   83.5487   79.9365   41.2297   39.9846   83.5970   83.5970

theta=0.00(0.00o) theta=-0.00(-0.14o) kalman
*********************3************************
--------------observations--------------
   -0.0250    1.5406    3.1179   -1.5968   -0.0530
   83.5678   79.5374   40.3885   39.8147   83.5767

------------ measurement prediction ----------
   -0.0329    1.5466    3.1141   -1.5961   -0.8481   -0.0471
   83.4570   80.1336   40.4705   40.2084   83.8502   83.5084

matches=7
--------------matches--------------
   -0.0250   -0.0250    1.5406    3.1179   -1.5968   -0.0530   -0.0530
   83.5678   83.5678   79.5374   40.3885   39.8147   83.5767   83.5767

theta=0.00(0.00o) theta=-0.00(-0.14o) kalman
*********************4************************
--------------observations--------------
   -0.0239    1.5354    3.1186   -1.5906   -0.0398
   83.5603   79.9106   40.6546   39.8298   83.5995

------------ measurement prediction ----------
   -0.0329    1.5466    3.1142   -1.5960   -0.8481   -0.0470
   83.4794   80.0036   40.4489   40.3383   83.9600   83.5326

matches=7
--------------matches--------------
   -0.0239   -0.0239    1.5354    3.1186   -1.5906   -0.0398   -0.0398
   83.5603   83.5603   79.9106   40.6546   39.8298   83.5995   83.5995

theta=0.00(0.00o) theta=-0.00(-0.20o) kalman
*********************5************************
--------------observations--------------
   -0.0219    1.5472    3.1181   -1.5982   -0.0496
   83.5778   80.4041   40.4598   39.7985   83.5861

------------ measurement prediction ----------
   -0.0318    1.5477    3.1152   -1.5950   -0.8470   -0.0460
   83.4819   79.9404   40.4467   40.4015   84.0077   83.5360

matches=7
--------------matches--------------
   -0.0219   -0.0219    1.5472    3.1181   -1.5982   -0.0496   -0.0496
   83.5778   83.5778   80.4041   40.4598   39.7985   83.5861   83.5861

theta=0.00(0.00o) theta=-0.00(-0.22o) kalman
*********************6************************
--------------observations--------------
   -0.0242    1.5432    3.1187   -1.5962   -0.0418
   83.5657   80.2708   40.5878   39.9517   83.5918

------------ measurement prediction ----------
   -0.0315    1.5480    3.1155   -1.5946   -0.8467   -0.0457
   83.4921   79.9287   40.4365   40.4132   84.0232   83.5464

matches=7
--------------matches--------------
   -0.0242   -0.0242    1.5432    3.1187   -1.5962   -0.0418   -0.0418
   83.5657   83.5657   80.2708   40.5878   39.9517   83.5918   83.5918

theta=0.00(0.00o) theta=-0.00(-0.25o) kalman
*********************7************************
--------------observations--------------
   -0.0241    1.5388    3.1045   -1.5909   -0.0525
   83.5548   80.4774   40.0794   40.3087   83.5646

------------ measurement prediction ----------
   -0.0311    1.5484    3.1160   -1.5942   -0.8463   -0.0452
   83.4947   79.9199   40.4340   40.4220   84.0313   83.5491

matches=7
--------------matches--------------
   -0.0241   -0.0241    1.5388    3.1045   -1.5909   -0.0525   -0.0525
   83.5548   83.5548   80.4774   40.0794   40.3087   83.5646   83.5646

theta=0.00(0.00o) theta=-0.00(-0.23o) kalman
*********************8************************
--------------observations--------------
   -0.0250    1.5359    3.1236   -1.5939   -0.0489
   83.5678   80.7540   40.5994   40.0931   83.7845

------------ measurement prediction ----------
   -0.0314    1.5481    3.1156   -1.5946   -0.8466   -0.0456
   83.5091   79.9492   40.4195   40.3927   84.0198   83.5630

matches=7
--------------matches--------------
   -0.0250   -0.0250    1.5359    3.1236   -1.5939   -0.0489   -0.0489
   83.5678   83.5678   80.7540   40.5994   40.0931   83.7845   83.7845

theta=0.00(0.00o) theta=-0.00(-0.23o) kalman
*********************9************************
--------------observations--------------
   -0.0463    1.5211    3.1050   -1.5916   -0.0943
   83.4796   79.3680   40.1507   40.2775   83.4570

------------ measurement prediction ----------
   -0.0314    1.5481    3.1157   -1.5945   -0.8466   -0.0455
   83.5187   79.9781   40.4097   40.3637   84.0053   83.5723

matches=7
--------------matches--------------
   -0.0463   -0.0463    1.5211    3.1050   -1.5916   -0.0943   -0.0943
   83.4796   83.4796   79.3680   40.1507   40.2775   83.4570   83.4570

theta=0.00(0.00o) theta=-0.00(-0.09o) kalman
*********************10************************
--------------observations--------------
   -0.0224    1.5323    3.1247   -1.5968   -0.0394
   83.5779   79.8576   40.7106   39.8296   83.5974

------------ measurement prediction ----------
   -0.0339    1.5456    3.1132   -1.5970   -0.8491   -0.0480
   83.5171   79.9426   40.4115   40.3992   84.0300   83.5712

matches=7
--------------matches--------------
   -0.0224   -0.0224    1.5323    3.1247   -1.5968   -0.0394   -0.0394
   83.5779   83.5779   79.8576   40.7106   39.8296   83.5974   83.5974

theta=0.00(0.00o) theta=-0.00(-0.12o) kalman
*********************11************************
--------------observations--------------
   -0.0221    1.5432    3.1045   -1.5926   -0.0312
   83.5706   80.2708   40.0859   40.2107   83.5995

------------ measurement prediction ----------
   -0.0333    1.5462    3.1137   -1.5965   -0.8486   -0.0475
   83.5142   79.9120   40.4145   40.4298   84.0503   83.5687

matches=7
--------------matches--------------
   -0.0221   -0.0221    1.5432    3.1045   -1.5926   -0.0312   -0.0312
   83.5706   83.5706   80.2708   40.0859   40.2107   83.5995   83.5995

theta=0.00(0.00o) theta=-0.00(-0.15o) kalman
*********************12************************
--------------observations--------------
   -0.0354    1.4912    3.1115   -1.3800   -1.5918   -0.0426
   83.5183   78.6255   40.3335   30.9385   40.2654   83.5851

------------ measurement prediction ----------
   -0.0328    1.5468    3.1143   -1.5959   -0.8480   -0.0469
   83.5232   79.9183   40.4055   40.4235   84.0519   83.5776

matches=7
--------------matches--------------
   -0.0354   -0.0354    1.4912    3.1115   -1.5918   -0.0426   -0.0426
   83.5183   83.5183   78.6255   40.3335   40.2654   83.5851   83.5851

theta=0.00(0.00o) theta=-0.00(-0.12o) kalman
*********************13************************
--------------observations--------------
   -0.0253    1.5509    3.1105   -1.5903   -0.0388
   83.5678   80.3954   40.1364   40.3448   83.7967

------------ measurement prediction ----------
   -0.0333    1.5462    3.1137   -1.5965   -0.8486   -0.0475
   83.5238   79.8615   40.4052   40.4803   84.0936   83.5790

matches=7
--------------matches--------------
   -0.0253   -0.0253    1.5509    3.1105   -1.5903   -0.0388   -0.0388
   83.5678   83.5678   80.3954   40.1364   40.3448   83.7967   83.7967

theta=0.00(0.00o) theta=-0.00(-0.14o) kalman
*********************14************************
--------------observations--------------
   -0.0354    1.5221    3.1117   -1.5985   -0.0549
   83.5253   79.4230   40.4018   40.1251   83.5634

------------ measurement prediction ----------
   -0.0329    1.5466    3.1141   -1.5960   -0.8481   -0.0471
   83.5359   79.8763   40.3931   40.4655   84.0910   83.5909

matches=7
--------------matches--------------
   -0.0354   -0.0354    1.5221    3.1117   -1.5985   -0.0549   -0.0549
   83.5253   83.5253   79.4230   40.4018   40.1251   83.5634   83.5634

theta=0.00(0.00o) theta=-0.00(-0.11o) kalman
*********************15************************
--------------observations--------------
   -0.0179    1.5392    3.1103   -1.5908   -0.0288
   83.5862   80.1317   40.2037   40.2877   83.5920

------------ measurement prediction ----------
   -0.0334    1.5461    3.1136   -1.5965   -0.8486   -0.0476
   83.5344   79.8494   40.3947   40.4924   84.1096   83.5898

matches=7
--------------matches--------------
   -0.0179   -0.0179    1.5392    3.1103   -1.5908   -0.0288   -0.0288
   83.5862   83.5862   80.1317   40.2037   40.2877   83.5920   83.5920

theta=0.00(0.00o) theta=-0.00(-0.15o) kalman
*********************16************************
--------------observations--------------
   -0.0224    1.5355    3.1113   -1.6002   -0.0523
   83.5706   80.0080   40.3376   39.6911   83.5754

------------ measurement prediction ----------
   -0.0328    1.5467    3.1142   -1.5959   -0.8480   -0.0470
   83.5383   79.8520   40.3907   40.4898   84.1104   83.5937

matches=7
--------------matches--------------
   -0.0224   -0.0224    1.5355    3.1113   -1.6002   -0.0523   -0.0523
   83.5706   83.5706   80.0080   40.3376   39.6911   83.5754   83.5754

theta=0.00(0.00o) theta=-0.00(-0.14o) kalman
*********************17************************
--------------observations--------------
   -0.0335    1.5281    3.1193   -1.5950   -0.0324
   83.5261   79.7689   40.6194   40.0514   83.5970

------------ measurement prediction ----------
   -0.0329    1.5466    3.1142   -1.5960   -0.8481   -0.0470
   83.5391   79.8329   40.3901   40.5089   84.1248   83.5947

matches=7
--------------matches--------------
   -0.0335   -0.0335    1.5281    3.1193   -1.5950   -0.0324   -0.0324
   83.5261   83.5261   79.7689   40.6194   40.0514   83.5970   83.5970

theta=0.00(0.00o) theta=-0.00(-0.15o) kalman
*********************18************************
--------------observations--------------
   -0.0261    1.5269    3.1171   -1.5902   -0.0496
   83.5690   79.6298   40.4252   40.3803   83.5861

------------ measurement prediction ----------
   -0.0331    1.5464    3.1139   -1.5963   -0.8483   -0.0473
   83.3811   79.8144   40.5481   40.5276   84.0310   83.4370

matches=7
--------------matches--------------
   -0.0261   -0.0261    1.5269    3.1171   -1.5902   -0.0496   -0.0496
   83.5690   83.5690   79.6298   40.4252   40.3803   83.5861   83.5861

theta=0.00(0.02o) theta=-0.00(-0.13o) kalman
*********************19************************
--------------observations--------------
   -0.0214    1.5267    3.1155   -1.5943   -0.0398
   83.5671   79.8772   41.2613   39.9537   83.5919

------------ measurement prediction ----------
   -0.0324    1.5471    3.1146   -1.5955   -0.8476   -0.0466
   83.1812   79.8006   40.7481   40.5416   83.9052   83.2374

matches=7
--------------matches--------------
   -0.0214   -0.0214    1.5267    3.1155   -1.5943   -0.0398   -0.0398
   83.5671   83.5671   79.8772   41.2613   39.9537   83.5919   83.5919

theta=-0.00(-0.02o) theta=-0.00(-0.22o) kalman
*********************20************************
--------------observations--------------
   -0.0281    1.7612    1.5464    3.1086   -1.5896   -0.0971
   83.3467   61.7150   80.2549   40.4227   40.2126   83.3815

------------ measurement prediction ----------
   -0.0315    1.5480    3.1155   -1.5947   -0.8467   -0.0457
   82.9247   79.7817   41.0048   40.5608   83.7447   82.9812

matches=7
--------------matches--------------
   -0.0281   -0.0281    1.5464    3.1086   -1.5896   -0.0971   -0.0971
   83.3467   83.3467   80.2549   40.4227   40.2126   83.3815   83.3815

theta=-0.00(-0.02o) theta=0.00(0.14o) kalman
*********************21************************
--------------observations--------------
   -0.0281    1.5292    3.1152   -1.5922   -0.0455
   83.1381   80.0053   41.0084   39.9202   83.1772

------------ measurement prediction ----------
   -0.0374    1.5421    3.1096   -1.6005   -0.8526   -0.0516
   82.6665   79.7752   41.2630   40.5676   83.5740   82.7232

matches=7
--------------matches--------------
   -0.0281   -0.0281    1.5292    3.1152   -1.5922   -0.0455   -0.0455
   83.1381   83.1381   80.0053   41.0084   39.9202   83.1772   83.1772

theta=-0.00(-0.04o) theta=-0.00(-0.01o) kalman
*********************22************************
--------------observations--------------
   -0.0172    1.5373    3.1219   -1.5871   -0.0320
   82.7851   79.9512   41.4062   40.3540   82.9999

------------ measurement prediction ----------
   -0.0323    1.5472    3.1147   -1.5954   -0.8475   -0.0465
   82.3642   79.7584   41.5654   40.5847   83.3809   82.4211

matches=7
--------------matches--------------
   -0.0172   -0.0172    1.5373    3.1219   -1.5871   -0.0320   -0.0320
   82.7851   82.7851   79.9512   41.4062   40.3540   82.9999   82.9999

theta=-0.00(-0.21o) theta=-0.01(-0.44o) kalman
*********************23************************
--------------observations--------------
   -0.0107    1.5437    3.1248   -1.5907   -0.0508
   82.5916   80.0892   41.8952   39.9078   82.5795

------------ measurement prediction ----------
   -0.0244    1.5552    3.1227   -1.5875   -0.8396   -0.0385
   82.0187   79.7533   41.9110   40.5901   83.1498   82.0757

matches=7
--------------matches--------------
   -0.0107   -0.0107    1.5437    3.1248   -1.5907   -0.0508   -0.0508
   82.5916   82.5916   80.0892   41.8952   39.9078   82.5795   82.5795

theta=-0.01(-0.40o) theta=-0.01(-0.59o) kalman
*********************24************************
--------------observations--------------
   -0.0175    1.5328    3.1145   -1.5844   -0.0424
   82.1752   79.9599   41.7845   40.2054   82.3982

------------ measurement prediction ----------
   -0.0233    1.5562    3.1237   -1.5864   -0.8385   -0.0375
   81.6023   79.7392   42.3274   40.6047   82.8772   81.6597

matches=7
--------------matches--------------
   -0.0175   -0.0175    1.5328    3.1145   -1.5844   -0.0424   -0.0424
   82.1752   82.1752   79.9599   41.7845   40.2054   82.3982   82.3982

theta=-0.01(-0.51o) theta=-0.01(-0.56o) kalman
*********************25************************
--------------observations--------------
   -0.0157    1.5407    3.1162   -1.5870   -0.0296
   81.7766   79.7574   42.2693   39.9617   81.7988

------------ measurement prediction ----------
   -0.0260    1.5535    3.1210   -1.5892   -0.8412   -0.0402
   81.1466   79.7266   42.7833   40.6178   82.5768   81.2042

matches=7
--------------matches--------------
   -0.0157   -0.0157    1.5407    3.1162   -1.5870   -0.0296   -0.0296
   81.7766   81.7766   79.7574   42.2693   39.9617   81.7988   81.7988

theta=-0.01(-0.49o) theta=-0.01(-0.66o) kalman
*********************26************************
--------------observations--------------
   -0.0141    1.5487    3.1226   -1.5825   -0.0376
   81.3791   80.0499   43.0202   40.2418   81.1921

------------ measurement prediction ----------
   -0.0246    1.5549    3.1225   -1.5877   -0.8398   -0.0387
   80.6058   79.7072   43.3242   40.6377   82.2235   80.6638

matches=7
--------------matches--------------
   -0.0141   -0.0141    1.5487    3.1226   -1.5825   -0.0376   -0.0376
   81.3791   81.3791   80.0499   43.0202   40.2418   81.1921   81.1921

theta=-0.01(-0.45o) theta=-0.01(-0.73o) kalman
*********************27************************
--------------observations--------------
   -0.0167    1.5365    3.1285   -1.5870   -0.0315
   80.5737   80.1325   43.9095   39.8610   80.7974

------------ measurement prediction ----------
   -0.0249    1.5547    3.1222   -1.5880   -0.8401   -0.0390
   80.0419   79.6989   43.8881   40.6467   81.8465   80.1002

matches=7
--------------matches--------------
   -0.0167   -0.0167    1.5365    3.1285   -1.5870   -0.0315   -0.0315
   80.5737   80.5737   80.1325   43.9095   39.8610   80.7974   80.7974

theta=-0.01(-0.32o) theta=-0.01(-0.71o) kalman
*********************28************************
--------------observations--------------
   -0.0167    1.5253    3.1263   -1.5907   -0.0568
   80.1751   79.4309   44.5457   39.8446   80.1567

------------ measurement prediction ----------
   -0.0256    1.5539    3.1214   -1.5888   -0.8408   -0.0398
   79.4147   79.6837   44.5154   40.6625   81.4315   79.4734

matches=7
--------------matches--------------
   -0.0167   -0.0167    1.5253    3.1263   -1.5907   -0.0568   -0.0568
   80.1751   80.1751   79.4309   44.5457   39.8446   80.1567   80.1567

theta=-0.00(-0.17o) theta=-0.01(-0.34o) kalman
*********************29************************
--------------observations--------------
   -0.0194    1.5286    3.1186   -1.5830   -0.0339
   79.3691   80.3345   45.2078   40.3977   79.3961

------------ measurement prediction ----------
   -0.0324    1.5472    3.1147   -1.5955   -0.8476   -0.0465
   78.7890   79.6476   45.1414   40.6993   81.0326   78.8482

matches=7
--------------matches--------------
   -0.0194   -0.0194    1.5286    3.1186   -1.5830   -0.0339   -0.0339
   79.3691   79.3691   80.3345   45.2078   40.3977   79.3961   79.3961

theta=-0.00(-0.00o) theta=-0.01(-0.43o) kalman
*********************30************************
--------------observations--------------
   -0.0339    1.5346    3.1109   -1.5910   -0.0484
   78.7320   80.5347   45.8138   40.1038   78.7775

------------ measurement prediction ----------
   -0.0316    1.5480    3.1155   -1.5947   -0.8468   -0.0457
   78.1588   79.6435   45.7716   40.7040   80.6074   78.2182

matches=7
--------------matches--------------
   -0.0339   -0.0339    1.5346    3.1109   -1.5910   -0.0484   -0.0484
   78.7320   78.7320   80.5347   45.8138   40.1038   78.7775   78.7775

theta=0.00(0.21o) theta=-0.00(-0.10o) kalman
*********************31************************
--------------observations--------------
   -0.0279    1.5325    3.1083   -1.6002   -0.0421
   77.9515   80.2049   46.5020   39.7226   77.9884

------------ measurement prediction ----------
   -0.0371    1.5425    3.1100   -1.6002   -0.8523   -0.0512
   77.3932   79.6253   46.5373   40.7231   80.1006   77.4531

matches=7
--------------matches--------------
   -0.0279   -0.0279    1.5325    3.1083   -1.6002   -0.0421   -0.0421
   77.9515   77.9515   80.2049   46.5020   39.7226   77.9884   77.9884

theta=0.01(0.40o) theta=-0.00(-0.04o) kalman
*********************32************************
--------------observations--------------
   -0.0208    1.5239    3.1114   -1.6058   -0.0492
   77.1668   79.9764   47.4382   39.5885   77.1755

------------ measurement prediction ----------
   -0.0347    1.5449    3.1124   -1.5978   -0.8499   -0.0488
   76.7785   79.6037   47.1522   40.7453   79.6987   76.8388

matches=7
--------------matches--------------
   -0.0208   -0.0208    1.5239    3.1114   -1.6058   -0.0492   -0.0492
   77.1668   77.1668   79.9764   47.4382   39.5885   77.1755   77.1755

theta=0.01(0.40o) theta=-0.00(-0.03o) kalman
*********************33************************
--------------observations--------------
   -0.0225    1.5397    3.0988   -1.6031   -0.0456
   76.5585   80.0991   47.7894   39.7883   76.5786

------------ measurement prediction ----------
   -0.0349    1.5446    3.1121   -1.5981   -0.8501   -0.0491
   76.1021   79.5733   47.8287   40.7764   79.2613   76.1631

matches=7
--------------matches--------------
   -0.0225   -0.0225    1.5397    3.0988   -1.6031   -0.0456   -0.0456
   76.5585   76.5585   80.0991   47.7894   39.7883   76.5786   76.5786

theta=0.01(0.40o) theta=-0.00(-0.07o) kalman
*********************34************************
--------------observations--------------
   -0.0257    1.5388    3.0958   -1.5993   -0.0534
   75.7632   80.9541   48.3412   39.6845   75.7733

------------ measurement prediction ----------
   -0.0334    1.5461    3.1136   -1.5966   -0.8486   -0.0476
   75.4497   79.5502   48.4813   40.8002   78.8349   75.5111

matches=7
--------------matches--------------
   -0.0257   -0.0257    1.5388    3.0958   -1.5993   -0.0534   -0.0534
   75.7632   75.7632   80.9541   48.3412   39.6845   75.7733   75.7733

theta=0.01(0.36o) theta=0.00(0.01o) kalman
*********************35************************
--------------observations--------------
   -0.0249    1.5274    3.0983   -1.6049   -0.0680
   74.9746   80.1371   49.2273   39.6250   75.1749

------------ measurement prediction ----------
   -0.0345    1.5450    3.1125   -1.5976   -0.8497   -0.0487
   74.7846   79.5349   49.1465   40.8162   78.3942   74.8464

matches=7
--------------matches--------------
   -0.0249   -0.0249    1.5274    3.0983   -1.6049   -0.0680   -0.0680
   74.9746   74.9746   80.1371   49.2273   39.6250   75.1749   75.1749

theta=0.01(0.30o) theta=0.00(0.26o) kalman
*********************36************************
--------------observations--------------
   -0.0244    1.5267    3.1105   -1.5942   -0.0428
   74.3624   80.8055   50.3180   40.2235   74.3882

------------ measurement prediction ----------
   -0.0388    1.5408    3.1083   -1.6019   -0.8540   -0.0529
   74.1069   79.5015   49.8244   40.8503   77.9581   74.1693

matches=7
--------------matches--------------
   -0.0244   -0.0244    1.5267    3.1105   -1.5942   -0.0428   -0.0428
   74.3624   74.3624   80.8055   50.3180   40.2235   74.3882   74.3882

theta=0.00(0.23o) theta=-0.00(-0.04o) kalman
*********************37************************
--------------observations--------------
   -0.0228    1.5327    3.0978   -1.6000   -0.0559
   73.5739   80.6819   50.6960   39.9296   73.7725

------------ measurement prediction ----------
   -0.0350    1.5445    3.1120   -1.5982   -0.8502   -0.0492
   73.4193   79.4957   50.5120   40.8569   77.4952   73.4820

matches=7
--------------matches--------------
   -0.0228   -0.0228    1.5327    3.0978   -1.6000   -0.0559   -0.0559
   73.5739   73.5739   80.6819   50.6960   39.9296   73.7725   73.7725

theta=0.00(0.25o) theta=0.00(0.07o) kalman
*********************38************************
--------------observations--------------
   -0.0359    1.5258    3.1032   -1.6014   -0.0628
   72.7265   80.3646   51.4232   39.7070   72.9432

------------ measurement prediction ----------
   -0.0373    1.5422    3.1098   -1.6004   -0.8525   -0.0514
   72.7568   79.4792   51.1747   40.8741   77.0572   72.8198

matches=7
--------------matches--------------
   -0.0359   -0.0359    1.5258    3.1032   -1.6014   -0.0628   -0.0628
   72.7265   72.7265   80.3646   51.4232   39.7070   72.9432   72.9432

theta=0.01(0.30o) theta=0.01(0.34o) kalman
*********************39************************
--------------observations--------------
   -0.0248    1.5253    3.1108   -1.6060   -0.0425
   72.1731   81.0360   52.5765   39.5742   72.1943

------------ measurement prediction ----------
   -0.0420    1.5375    3.1050   -1.6051   -0.8572   -0.0562
   72.0944   79.4508   51.8372   40.9032   76.6278   72.1580

matches=7
--------------matches--------------
   -0.0248   -0.0248    1.5253    3.1108   -1.6060   -0.0425   -0.0425
   72.1731   72.1731   81.0360   52.5765   39.5742   72.1943   72.1943

theta=0.01(0.34o) theta=0.00(0.10o) kalman
*********************40************************
--------------observations--------------
   -0.0328    1.5341    3.0872   -1.5951   -0.0550
   71.5398   81.1331   52.9894   40.1662   71.5661

------------ measurement prediction ----------
   -0.0375    1.5420    3.1095   -1.6007   -0.8527   -0.0517
   71.4115   79.4380   52.5202   40.9167   76.1732   71.4755

matches=7
--------------matches--------------
   -0.0328   -0.0328    1.5341    3.0872   -1.5951   -0.0550   -0.0550
   71.5398   71.5398   81.1331   52.9894   40.1662   71.5661   71.5661

theta=0.01(0.36o) theta=0.00(0.23o) kalman
*********************41************************
--------------observations--------------
   -0.0253    1.5342    3.1047   -1.6014   -0.0670
   70.9686   80.4772   53.8410   39.7836   70.9453

------------ measurement prediction ----------
   -0.0395    1.5401    3.1076   -1.6026   -0.8547   -0.0536
   70.7616   79.4284   53.1702   40.9270   75.7387   70.8258

matches=7
--------------matches--------------
   -0.0253   -0.0253    1.5342    3.1047   -1.6014   -0.0670   -0.0670
   70.9686   70.9686   80.4772   53.8410   39.7836   70.9453   70.9453

theta=0.01(0.36o) theta=0.00(0.26o) kalman
*********************42************************
--------------observations--------------
   -0.0224    1.5360    3.0915   -1.6071   -0.0430
   70.3800   80.3550   54.1885   39.4596   70.1948

------------ measurement prediction ----------
   -0.0393    1.5403    3.1078   -1.6024   -0.8545   -0.0534
   70.1313   79.4073   53.8006   40.9488   75.3258   70.1959

matches=7
--------------matches--------------
   -0.0224   -0.0224    1.5360    3.0915   -1.6071   -0.0430   -0.0430
   70.3800   70.3800   80.3550   54.1885   39.4596   70.1948   70.1948

theta=0.01(0.32o) theta=0.00(0.07o) kalman
*********************43************************
--------------observations--------------
   -0.0299    1.5227    3.0967   -1.6065   -0.0540
   69.5485   80.2619   54.8464   39.4409   69.5678

------------ measurement prediction ----------
   -0.0359    1.5436    3.1111   -1.5991   -0.8512   -0.0501
   69.4847   79.3847   54.4473   40.9721   74.9030   69.5498

matches=7
--------------matches--------------
   -0.0299   -0.0299    1.5227    3.0967   -1.6065   -0.0540   -0.0540
   69.5485   69.5485   80.2619   54.8464   39.4409   69.5678   69.5678

theta=0.00(0.28o) theta=0.00(0.23o) kalman
*********************44************************
--------------observations--------------
   -0.0162    1.5431    3.0903   -1.5952   -0.0534
   68.9798   80.5105   55.5564   40.0395   68.9883

------------ measurement prediction ----------
   -0.0379    1.5416    3.1092   -1.6010   -0.8531   -0.0521
   68.7465   79.3526   55.1857   41.0050   74.4249   68.8122

matches=7
--------------matches--------------
   -0.0162   -0.0162    1.5431    3.0903   -1.5952   -0.0534   -0.0534
   68.9798   68.9798   80.5105   55.5564   40.0395   68.9883   68.9883

theta=0.00(0.19o) theta=-0.00(-0.01o) kalman
*********************45************************
--------------observations--------------
   -0.0153    1.5325    3.0989   -1.6000   -0.0410
   68.3810   80.5120   56.1682   39.7530   68.3904

------------ measurement prediction ----------
   -0.0338    1.5458    3.1133   -1.5969   -0.8490   -0.0479
   68.1330   79.3408   55.7993   41.0174   74.0166   68.1990

matches=7
--------------matches--------------
   -0.0153   -0.0153    1.5325    3.0989   -1.6000   -0.0410   -0.0410
   68.3810   68.3810   80.5120   56.1682   39.7530   68.3904   68.3904

theta=0.00(0.11o) theta=-0.00(-0.19o) kalman
*********************46************************
--------------observations--------------
   -0.0238    1.5261    3.1024   -1.5983   -0.0449
   67.7664   80.5880   57.4393   39.7359   67.7863

------------ measurement prediction ----------
   -0.0309    1.5486    3.1162   -1.5940   -0.8461   -0.0450
   67.5064   79.3268   56.4261   41.0321   73.6011   67.5727

matches=7
--------------matches--------------
   -0.0238   -0.0238    1.5261    3.1024   -1.5983   -0.0449   -0.0449
   67.7664   67.7664   80.5880   57.4393   39.7359   67.7863   67.7863

theta=0.00(0.04o) theta=-0.00(-0.13o) kalman
*********************47************************
--------------observations--------------
   -0.0227    1.5257    3.1055   -1.6025   -0.0479
   66.9703   79.9234   57.6213   39.3904   66.9824

------------ measurement prediction ----------
   -0.0321    1.5474    3.1150   -1.5952   -0.8473   -0.0462
   66.8698   79.3094   57.0628   41.0502   73.1813   66.9366

matches=7
--------------matches--------------
   -0.0227   -0.0227    1.5257    3.1055   -1.6025   -0.0479   -0.0479
   66.9703   66.9703   79.9234   57.6213   39.3904   66.9824   66.9824

theta=-0.00(-0.02o) theta=-0.00(-0.07o) kalman
*********************48************************
--------------observations--------------
   -0.0121    1.5435    3.1157   -1.5951   -0.0596
   66.3912   80.4639   58.6504   40.0625   66.3675

------------ measurement prediction ----------
   -0.0334    1.5461    3.1136   -1.5965   -0.8486   -0.0476
   66.2200   79.2804   57.7127   41.0798   72.7610   66.2873

matches=7
--------------matches--------------
   -0.0121   -0.0121    1.5435    3.1157   -1.5951   -0.0596   -0.0596
   66.3912   66.3912   80.4639   58.6504   40.0625   66.3675   66.3675

theta=-0.00(-0.06o) theta=-0.00(-0.21o) kalman
*********************49************************
--------------observations--------------
   -0.0190    1.5428    3.0903   -1.5959   -0.0376
   65.7835   80.7911   58.8886   39.6538   65.7975

------------ measurement prediction ----------
   -0.0310    1.5486    3.1161   -1.5941   -0.8462   -0.0451
   65.5443   79.2680   58.3886   41.0930   72.3110   65.6119

matches=7
--------------matches--------------
   -0.0190   -0.0190    1.5428    3.0903   -1.5959   -0.0376   -0.0376
   65.7835   65.7835   80.7911   58.8886   39.6538   65.7975   65.7975

theta=-0.00(-0.11o) theta=-0.00(-0.28o) kalman
*********************50************************
--------------observations--------------
   -0.0171    1.5290    3.0993   -1.6016   -0.0510
   65.1752   80.3545   60.0491   39.2205   65.1893

------------ measurement prediction ----------
   -0.0312    1.5483    3.1158   -1.5943   -0.8464   -0.0454
   64.9073   79.2550   59.0257   41.1066   71.8876   64.9752

matches=7
--------------matches--------------
   -0.0171   -0.0171    1.5290    3.0993   -1.6016   -0.0510   -0.0510
   65.1752   65.1752   80.3545   60.0491   39.2205   65.1893   65.1893

theta=-0.00(-0.06o) theta=-0.00(-0.11o) kalman
*********************51************************
--------------observations--------------
   -0.0203    1.5304    3.1030   -1.6011   -0.0574
   64.3790   80.8156   60.8244   39.3062   64.3706

------------ measurement prediction ----------
   -0.0354    1.5441    3.1117   -1.5985   -0.8506   -0.0496
   64.2297   79.2279   59.7035   41.1345   71.4470   64.2981

matches=7
--------------matches--------------
   -0.0203   -0.0203    1.5304    3.1030   -1.6011   -0.0574   -0.0574
   64.3790   64.3790   80.8156   60.8244   39.3062   64.3706   64.3706

theta=0.00(0.04o) theta=0.00(0.05o) kalman
*********************52************************
--------------observations--------------
   -0.0193    1.5438    3.0904   -1.5983   -0.0417
   63.7734   80.8438   61.0195   39.5347   63.7887

------------ measurement prediction ----------
   -0.0371    1.5424    3.1100   -1.6002   -0.8523   -0.0512
   63.5447   79.2057   60.3885   41.1574   70.9979   63.6137

matches=7
--------------matches--------------
   -0.0193   -0.0193    1.5438    3.0904   -1.5983   -0.0417   -0.0417
   63.7734   63.7734   80.8438   61.0195   39.5347   63.7887   63.7887

theta=0.00(0.08o) theta=-0.00(-0.10o) kalman
*********************53************************
--------------observations--------------
   -0.0247    1.5284    3.0996   -1.6036   -0.0508
   62.9773   80.2674   62.1368   39.3544   62.9866

------------ measurement prediction ----------
   -0.0351    1.5444    3.1119   -1.5983   -0.8503   -0.0493
   62.8621   79.1906   61.0712   41.1732   70.5451   62.9315

matches=7
--------------matches--------------
   -0.0247   -0.0247    1.5284    3.0996   -1.6036   -0.0508   -0.0508
   62.9773   62.9773   80.2674   62.1368   39.3544   62.9866   62.9866

theta=0.00(0.17o) theta=0.00(0.07o) kalman
*********************54************************
--------------observations--------------
   -0.0223    1.5307    3.1074   -1.6094   -0.0660
   62.3750   80.7339   62.6602   39.1167   62.3505

------------ measurement prediction ----------
   -0.0381    1.5415    3.1090   -1.6012   -0.8533   -0.0522
   62.1348   79.1618   61.7988   41.2028   70.0720   62.2047

matches=7
--------------matches--------------
   -0.0223   -0.0223    1.5307    3.1074   -1.6094   -0.0660   -0.0660
   62.3750   62.3750   80.7339   62.6602   39.1167   62.3505   62.3505

theta=0.00(0.25o) theta=0.00(0.24o) kalman
*********************55************************
--------------observations--------------
   -0.0248    1.5348    3.0929   -1.6006   -0.0400
   61.5642   81.1245   63.4899   39.6389   61.5988

------------ measurement prediction ----------
   -0.0407    1.5388    3.1064   -1.6038   -0.8559   -0.0548
   61.4161   79.1332   62.5176   41.2322   69.6045   61.4866

matches=7
--------------matches--------------
   -0.0248   -0.0248    1.5348    3.0929   -1.6006   -0.0400   -0.0400
   61.5642   61.5642   81.1245   63.4899   39.6389   61.5988   61.5988

theta=0.01(0.32o) theta=0.00(0.06o) kalman
*********************56************************
--------------observations--------------
   -0.0275    1.5254    3.0971   -1.6078   -0.0488
   60.9737   80.2223   64.3985   39.2311   60.7895

------------ measurement prediction ----------
   -0.0364    1.5431    3.1107   -1.5995   -0.8516   -0.0505
   60.5709   79.1166   63.3629   41.2497   69.0424   60.6418

matches=7
--------------matches--------------
   -0.0275   -0.0275    1.5254    3.0971   -1.6078   -0.0488   -0.0488
   60.9737   60.9737   80.2223   64.3985   39.2311   60.7895   60.7895

theta=0.01(0.32o) theta=0.00(0.16o) kalman
*********************57************************
--------------observations--------------
   -0.0269    1.5410    3.0978   -1.6142   -0.0682
   60.1656   79.9862   64.9347   39.0329   60.1453

------------ measurement prediction ----------
   -0.0378    1.5418    3.1093   -1.6009   -0.8530   -0.0519
   59.8479   79.0856   64.0861   41.2814   68.5737   59.9194

matches=7
--------------matches--------------
   -0.0269   -0.0269    1.5410    3.0978   -1.6142   -0.0682   -0.0682
   60.1656   60.1656   79.9862   64.9347   39.0329   60.1453   60.1453

theta=0.01(0.30o) theta=0.01(0.33o) kalman
*********************58************************
--------------observations--------------
   -0.0317    1.5368    3.1000   -1.6012   -0.0455
   59.3696   81.3562   65.5160   39.6223   59.3947

------------ measurement prediction ----------
   -0.0408    1.5387    3.1063   -1.6039   -0.8560   -0.0549
   59.1414   79.0480   64.7929   41.3198   68.1212   59.2136

matches=7
--------------matches--------------
   -0.0317   -0.0317    1.5368    3.1000   -1.6012   -0.0455   -0.0455
   59.3696   59.3696   81.3562   65.5160   39.6223   59.3947   59.3947

theta=0.00(0.28o) theta=0.00(0.14o) kalman
*********************59************************
--------------observations--------------
   -0.0252    1.5255    3.0979   -1.6097   -0.0583
   58.7703   80.3278   65.9022   39.2233   58.7685

------------ measurement prediction ----------
   -0.0379    1.5416    3.1092   -1.6010   -0.8531   -0.0520
   58.4259   79.0346   65.5085   41.3339   67.6448   58.4984

matches=7
--------------matches--------------
   -0.0252   -0.0252    1.5255    3.0979   -1.6097   -0.0583   -0.0583
   58.7703   58.7703   80.3278   65.9022   39.2233   58.7685   58.7685

theta=0.00(0.28o) theta=0.00(0.27o) kalman
*********************60************************
--------------observations--------------
   -0.0174    1.5312    3.0869   -1.6138   -0.0657
   57.9767   80.9760   67.1512   39.0506   57.9433

------------ measurement prediction ----------
   -0.0389    1.5406    3.1081   -1.6021   -0.8541   -0.0531
   57.7525   79.0050   66.1820   41.3643   67.2089   57.8256

matches=7
--------------matches--------------
   -0.0174   -0.0174    1.5312    3.0869   -1.6138   -0.0657   -0.0657
   57.9767   57.9767   80.9760   67.1512   39.0506   57.9433   57.9433

theta=0.00(0.21o) theta=0.01(0.33o) kalman
*********************61************************
--------------observations--------------
   -0.0277    1.5376    3.1003   -1.6036   -0.0432
   57.1674   81.0845   67.1446   39.5001   57.1920

------------ measurement prediction ----------
   -0.0412    1.5384    3.1059   -1.6043   -0.8564   -0.0553
   57.0621   78.9779   66.8726   41.3921   66.7596   57.1358

matches=7
--------------matches--------------
   -0.0277   -0.0277    1.5376    3.1003   -1.6036   -0.0432   -0.0432
   57.1674   57.1674   81.0845   67.1446   39.5001   57.1920   57.1920

theta=0.00(0.21o) theta=0.00(0.10o) kalman
*********************62************************
--------------observations--------------
   -0.0183    1.5234    3.0982   -1.6081   -0.0510
   56.5780   80.6415   68.4923   39.3115   56.3772

------------ measurement prediction ----------
   -0.0359    1.5436    3.1111   -1.5991   -0.8512   -0.0501
   56.3894   78.9640   67.5454   41.4067   66.3127   56.4634

matches=7
--------------matches--------------
   -0.0183   -0.0183    1.5234    3.0982   -1.6081   -0.0510   -0.0510
   56.5780   56.5780   80.6415   68.4923   39.3115   56.3772   56.3772

theta=0.00(0.15o) theta=0.00(0.08o) kalman
*********************63************************
--------------observations--------------
   -0.0270    1.5376    3.0896   -1.6130   -0.0660
   55.7740   80.4522   69.1019   39.1880   55.7614

------------ measurement prediction ----------
   -0.0356    1.5439    3.1114   -1.5988   -0.8508   -0.0498
   55.6966   78.9409   68.2384   41.4306   65.8589   55.7711

matches=7
--------------matches--------------
   -0.0270   -0.0270    1.5376    3.0896   -1.6130   -0.0660   -0.0660
   55.7740   55.7740   80.4522   69.1019   39.1880   55.7614   55.7614

theta=0.00(0.08o) theta=0.01(0.31o) kalman
*********************64************************
--------------observations--------------
   -0.0204    1.5320    2.3968    3.1029   -1.6023   -0.0464
   55.1757   81.2814  101.4968   69.4455   39.4974   55.1847

------------ measurement prediction ----------
   -0.0397    1.5398    3.1074   -1.6028   -0.8549   -0.0538
   55.0153   78.9098   68.9198   41.4624   65.4187   55.0904

matches=7
--------------matches--------------
   -0.0204   -0.0204    1.5320    3.1029   -1.6023   -0.0464   -0.0464
   55.1757   55.1757   81.2814   69.4455   39.4974   55.1847   55.1847

theta=0.00(0.02o) theta=0.00(0.03o) kalman
*********************65************************
--------------observations--------------
   -0.0174    1.5397    3.1009   -1.6039   -0.0534
   54.5867   81.0659   70.5863   39.5242   54.3821

------------ measurement prediction ----------
   -0.0337    1.5458    3.1133   -1.5969   -0.8490   -0.0479
   54.3745   78.8989   69.5607   41.4740   64.9913   54.4499

matches=7
--------------matches--------------
   -0.0174   -0.0174    1.5397    3.1009   -1.6039   -0.0534   -0.0534
   54.5867   54.5867   81.0659   70.5863   39.5242   54.3821   54.3821

theta=-0.00(-0.11o) theta=-0.00(-0.08o) kalman
*********************66************************
--------------observations--------------
   -0.0165    1.5372    3.0888   -1.6040   -0.0657
   53.7919   80.5397   70.9790   39.3628   53.7683

------------ measurement prediction ----------
   -0.0330    1.5466    3.1141   -1.5961   -0.8482   -0.0471
   53.7131   78.8839   70.2222   41.4897   64.5529   53.7888

matches=7
--------------matches--------------
   -0.0165   -0.0165    1.5372    3.0888   -1.6040   -0.0657   -0.0657
   53.7919   53.7919   80.5397   70.9790   39.3628   53.7683   53.7683

theta=-0.00(-0.17o) theta=0.00(0.10o) kalman
*********************67************************
--------------observations--------------
   -0.0170    1.5367    3.1041   -1.6002   -0.0408
   53.1846   80.9766   71.5019   39.4445   53.1936

------------ measurement prediction ----------
   -0.0360    1.5435    3.1111   -1.5991   -0.8512   -0.0501
   53.0558   78.8590   70.8797   41.5153   64.1245   53.1320

matches=7
--------------matches--------------
   -0.0170   -0.0170    1.5367    3.1041   -1.6002   -0.0408   -0.0408
   53.1846   53.1846   80.9766   71.5019   39.4445   53.1936   53.1936

theta=-0.00(-0.23o) theta=-0.00(-0.18o) kalman
*********************68************************
--------------observations--------------
   -0.0172    1.5380    3.1027   -1.6090   -0.0545
   52.3901   81.1008   72.1873   39.0676   52.5846

------------ measurement prediction ----------
   -0.0323    1.5472    3.1148   -1.5954   -0.8475   -0.0464
   52.4163   78.8467   71.5192   41.5282   63.6989   52.4929

matches=7
--------------matches--------------
   -0.0172   -0.0172    1.5380    3.1027   -1.6090   -0.0545   -0.0545
   52.3901   52.3901   81.1008   72.1873   39.0676   52.5846   52.5846

theta=-0.00(-0.23o) theta=-0.00(-0.07o) kalman
*********************69************************
--------------observations--------------
   -0.0177    1.5298    3.1032   -1.6003   -0.0610
   51.7844   80.9443   72.7949   39.4207   51.7675

------------ measurement prediction ----------
   -0.0360    1.5435    3.1111   -1.5991   -0.8512   -0.0501
   51.6722   78.8243   72.2635   41.5515   63.2097   51.7492

matches=7
--------------matches--------------
   -0.0177   -0.0177    1.5298    3.1032   -1.6003   -0.0610   -0.0610
   51.7844   51.7844   80.9443   72.7949   39.4207   51.7675   51.7675

theta=-0.00(-0.13o) theta=0.00(0.07o) kalman
*********************70************************
--------------observations--------------
   -0.0188    1.5323    3.0964   -1.6064   -0.0419
   51.1798   80.9918   74.0667   39.3166   51.1984

------------ measurement prediction ----------
   -0.0389    1.5406    3.1081   -1.6020   -0.8541   -0.0531
   51.0224   78.8048   72.9134   41.5716   62.7825   51.0999

matches=7
--------------matches--------------
   -0.0188   -0.0188    1.5323    3.0964   -1.6064   -0.0419   -0.0419
   51.1798   51.1798   80.9918   74.0667   39.3166   51.1984   51.1984

theta=-0.00(-0.00o) theta=0.00(0.01o) kalman
*********************71************************
--------------observations--------------
   -0.0239    1.5314    3.0901   -1.6116   -0.0561
   50.5834   81.5797   73.9485   38.9724   50.5946

------------ measurement prediction ----------
   -0.0389    1.5406    3.1082   -1.6020   -0.8541   -0.0530
   50.3754   78.7882   73.5605   41.5889   62.3550   50.4532

matches=7
--------------matches--------------
   -0.0239   -0.0239    1.5314    3.0901   -1.6116   -0.0561   -0.0561
   50.5834   50.5834   81.5797   73.9485   38.9724   50.5946   50.5946

theta=0.00(0.19o) theta=0.00(0.27o) kalman
*********************72************************
--------------observations--------------
   -0.0250    1.5313    3.0836   -1.6133   -0.0674
   49.9764   80.7040   74.9097   39.3744   49.8581

------------ measurement prediction ----------
   -0.0441    1.5354    3.1030   -1.6072   -0.8593   -0.0582
   49.7517   78.7678   74.1844   41.6100   61.9461   49.8299

matches=7
--------------matches--------------
   -0.0250   -0.0250    1.5313    3.0836   -1.6133   -0.0674   -0.0674
   49.9764   49.9764   80.7040   74.9097   39.3744   49.8581   49.8581

theta=0.01(0.42o) theta=0.01(0.55o) kalman
*********************73************************
--------------observations--------------
   -0.0275    1.5224    3.0928   -1.6162   -0.0715
   49.3655   81.1558   75.0462   39.1366   49.2403

------------ measurement prediction ----------
   -0.0468    1.5327    3.1002   -1.6099   -0.8620   -0.0610
   49.1183   78.7415   74.8179   41.6369   61.5350   49.1971

matches=7
--------------matches--------------
   -0.0275   -0.0275    1.5224    3.0928   -1.6162   -0.0715   -0.0715
   49.3655   49.3655   81.1558   75.0462   39.1366   49.2403   49.2403

theta=0.01(0.53o) theta=0.01(0.69o) kalman
*********************74************************
--------------observations--------------
   -0.0348    1.5173    3.0850   -1.6421   -0.0728
   48.5652   80.6084   76.1434   38.0517   48.5536

------------ measurement prediction ----------
   -0.0485    1.5310    3.0986   -1.6116   -0.8637   -0.0627
   48.4963   78.7159   75.4401   41.6632   61.1310   48.5756

matches=7
--------------matches--------------
   -0.0348   -0.0348    1.5173    3.0850   -1.6421   -0.0728   -0.0728
   48.5652   48.5652   80.6084   76.1434   38.0517   48.5536   48.5536

theta=0.01(0.59o) theta=0.02(1.01o) kalman
*********************75************************
--------------observations--------------
   -0.0373    1.5254    3.0550   -1.6191   -0.0614
   47.8522   81.2068   75.0464   39.1724   47.8678

------------ measurement prediction ----------
   -0.0515    1.5280    3.0955   -1.6147   -0.8667   -0.0657
   47.8418   78.6723   76.0948   41.7075   60.7181   47.9219

matches=7
--------------matches--------------
   -0.0373   -0.0373    1.5254    3.0550   -1.6191   -0.0614   -0.0614
   47.8522   47.8522   81.2068   75.0464   39.1724   47.8678   47.8678

theta=0.01(0.51o) theta=0.02(0.98o) kalman
*********************76************************
--------------observations--------------
   -0.0350    1.5237    3.0791   -1.6215   -0.0639
   47.3637   80.8621   76.7773   39.0226   47.2696

------------ measurement prediction ----------
   -0.0510    1.5285    3.0961   -1.6141   -0.8662   -0.0651
   47.2673   78.6466   76.6695   41.7338   60.3465   47.3478

matches=7
--------------matches--------------
   -0.0350   -0.0350    1.5237    3.0791   -1.6215   -0.0639   -0.0639
   47.3637   47.3637   80.8621   76.7773   39.0226   47.2696   47.2696

theta=0.01(0.42o) theta=0.02(0.87o) kalman
*********************77************************
--------------observations--------------
   -0.0255    1.5269    3.0882   -1.6179   -0.0698
   46.6827   80.6515   77.5682   39.2204   46.5645

------------ measurement prediction ----------
   -0.0483    1.5312    3.0987   -1.6115   -0.8635   -0.0625
   46.6247   78.6173   77.3123   41.7638   59.9313   46.7058

matches=7
--------------matches--------------
   -0.0255   -0.0255    1.5269    3.0882   -1.6179   -0.0698   -0.0698
   46.6827   46.6827   80.6515   77.5682   39.2204   46.5645   46.5645

theta=0.01(0.30o) theta=0.01(0.69o) kalman
*********************78************************
--------------observations--------------
   -0.0444    0.4032    1.5180    1.7701    3.0898   -1.6164   -0.0694
   46.0307   71.6434   81.5159   95.5230   78.2455   39.0849   45.9482

------------ measurement prediction ----------
   -0.0460    1.5335    3.1011   -1.6091   -0.8612   -0.0601
   45.9491   78.5887   77.9881   41.7931   59.4931   46.0308

matches=7
--------------matches--------------
   -0.0444   -0.0444    1.5180    3.0898   -1.6164   -0.0694   -0.0694
   46.0307   46.0307   81.5159   78.2455   39.0849   45.9482   45.9482

theta=0.00(0.21o) theta=0.02(0.86o) kalman
*********************79************************
--------------observations--------------
   -0.0442    0.4080    1.5299    3.0897   -1.6161   -0.0466
   45.3414   71.2082   80.7818   78.9227   39.1104   45.2903

------------ measurement prediction ----------
   -0.0497    1.5299    3.0974   -1.6128   -0.8649   -0.0638
   45.2724   78.5592   78.6650   41.8233   59.0548   45.3546

matches=7
--------------matches--------------
   -0.0442   -0.0442    1.5299    3.0897   -1.6161   -0.0466   -0.0466
   45.3414   45.3414   80.7818   78.9227   39.1104   45.2903   45.2903

theta=0.00(0.17o) theta=0.01(0.64o) kalman
*********************80************************
--------------observations--------------
   -0.0318    1.5294    3.0825   -1.6200   -0.0488
   44.6746   80.3640   79.5507   39.0509   44.6925

------------ measurement prediction ----------
   -0.0458    1.5337    3.1012   -1.6090   -0.8610   -0.0600
   44.5926   78.5326   79.3450   41.8507   58.6124   44.6753

matches=7
--------------matches--------------
   -0.0318   -0.0318    1.5294    3.0825   -1.6200   -0.0488   -0.0488
   44.6746   44.6746   80.3640   79.5507   39.0509   44.6925   44.6925

theta=0.00(0.13o) theta=0.01(0.52o) kalman
*********************81************************
--------------observations--------------
   -0.0217    1.5348    3.0821   -1.6164   -0.0557
   43.9803   81.0154   80.2984   39.0157   43.9778

------------ measurement prediction ----------
   -0.0444    1.5351    3.1027   -1.6075   -0.8596   -0.0585
   43.9413   78.5039   79.9964   41.8800   58.1908   44.0246

matches=7
--------------matches--------------
   -0.0217   -0.0217    1.5348    3.0821   -1.6164   -0.0557   -0.0557
   43.9803   43.9803   81.0154   80.2984   39.0157   43.9778   43.9778

theta=0.00(0.13o) theta=0.01(0.41o) kalman
*********************82************************
--------------observations--------------
   -0.0324    1.5269    3.0834   -1.6156   -0.0499
   43.2732   81.0003   80.9259   38.7546   43.2909

------------ measurement prediction ----------
   -0.0410    1.5385    3.1060   -1.6041   -0.8562   -0.0552
   43.1497   78.4768   80.7882   41.9080   57.6728   43.2335

matches=7
--------------matches--------------
   -0.0324   -0.0324    1.5269    3.0834   -1.6156   -0.0499   -0.0499
   43.2732   43.2732   81.0003   80.9259   38.7546   43.2909   43.2909

theta=0.00(0.04o) theta=0.01(0.42o) kalman
*********************83************************
--------------observations--------------
   -0.0216    1.5368    3.0868   -1.6133   -0.0500
   42.6806   80.5860   81.8432   38.8140   42.6855

------------ measurement prediction ----------
   -0.0419    1.5376    3.1051   -1.6051   -0.8572   -0.0561
   42.5081   78.4498   81.4300   41.9357   57.2565   42.5925

matches=7
--------------matches--------------
   -0.0216   -0.0216    1.5368    3.0868   -1.6133   -0.0500   -0.0500
   42.6806   42.6806   80.5860   81.8432   38.8140   42.6855   42.6855

theta=-0.00(-0.00o) theta=0.00(0.25o) kalman
*********************84************************
--------------observations--------------
   -0.0198    1.5295    3.0828   -1.6139   -0.0453
   41.9886   81.3154   82.4187   38.8187   41.9941

------------ measurement prediction ----------
   -0.0397    1.5398    3.1074   -1.6028   -0.8549   -0.0538
   41.8812   78.4257   82.0571   41.9605   56.8482   41.9660

matches=7
--------------matches--------------
   -0.0198   -0.0198    1.5295    3.0828   -1.6139   -0.0453   -0.0453
   41.9886   41.9886   81.3154   82.4187   38.8187   41.9941   41.9941

theta=-0.00(-0.00o) theta=0.00(0.19o) kalman
*********************85************************
--------------observations--------------
   -0.0193    1.5253    3.0582   -1.6168   -0.0435
   41.3846   81.1515   81.7314   38.7203   41.2926

------------ measurement prediction ----------
   -0.0395    1.5401    3.1076   -1.6026   -0.8547   -0.0536
   41.4177   78.4106   82.5206   41.9760   56.5442   41.5028

matches=7
--------------matches--------------
   -0.0193   -0.0193    1.5253    3.0582   -1.6168   -0.0435   -0.0435
   41.3846   41.3846   81.1515   81.7314   38.7203   41.2926   41.2926

theta=0.00(0.04o) theta=0.01(0.32o) kalman
*********************86************************
--------------observations--------------
   -0.0337    1.5314    3.0766   -1.6165   -0.0478
   40.6738   80.6805   83.3883   38.6846   40.6936

------------ measurement prediction ----------
   -0.0435    1.5360    3.1035   -1.6067   -0.8587   -0.0577
   41.1327   78.3969   82.8057   41.9900   56.3606   41.2181

matches=7
--------------matches--------------
   -0.0337   -0.0337    1.5314    3.0766   -1.6165   -0.0478   -0.0478
   40.6738   40.6738   80.6805   83.3883   38.6846   40.6936   40.6936

theta=0.00(0.19o) theta=0.01(0.48o) kalman
*********************87************************
--------------observations--------------
   -0.0317    1.5371    3.0848   -1.6168   -0.0486
   40.2750   80.8874   83.7688   38.7541   40.2919

------------ measurement prediction ----------
   -0.0463    1.5332    3.1008   -1.6094   -0.8615   -0.0605
   40.9638   78.3847   82.9746   42.0024   56.2548   41.0495

matches=7
--------------matches--------------
   -0.0317   -0.0317    1.5371    3.0848   -1.6168   -0.0486   -0.0486
   40.2750   40.2750   80.8874   83.7688   38.7541   40.2919   40.2919

theta=0.01(0.34o) theta=0.01(0.52o) kalman
*********************88************************
--------------observations--------------
   -0.0351    1.5294    3.0805   -1.6218   -0.0526
   40.0651   80.6125   83.3722   38.6093   40.1853

------------ measurement prediction ----------
   -0.0434    1.5361    3.1036   -1.6065   -0.8586   -0.0576
   40.8750   78.3784   83.0635   42.0088   56.1990   40.9607

matches=7
--------------matches--------------
   -0.0351   -0.0351    1.5294    3.0805   -1.6218   -0.0526   -0.0526
   40.0651   40.0651   80.6125   83.3722   38.6093   40.1853   40.1853

theta=0.00(0.28o) theta=0.01(0.51o) kalman
*********************89************************
--------------observations--------------
   -0.0353    1.5287    3.0749   -1.6220   -0.0394
   40.0576   80.9137   83.7195   38.6160   40.0937

------------ measurement prediction ----------
   -0.0443    1.5352    3.1028   -1.6074   -0.8595   -0.0584
   40.7849   78.3682   83.1537   42.0191   56.1452   40.8708

matches=7
--------------matches--------------
   -0.0353   -0.0353    1.5287    3.0749   -1.6220   -0.0394   -0.0394
   40.0576   40.0576   80.9137   83.7195   38.6160   40.0937   40.0937

theta=0.00(0.28o) theta=0.01(0.50o) kalman
*********************90************************
--------------observations--------------
   -0.0362    1.5363    3.0818   -1.6198   -0.0538
   40.1668   80.9456   83.7541   38.6295   40.1866

------------ measurement prediction ----------
   -0.0441    1.5354    3.1029   -1.6073   -0.8593   -0.0583
   40.7046   78.3608   83.2340   42.0266   56.0961   40.7906

matches=7
--------------matches--------------
   -0.0362   -0.0362    1.5363    3.0818   -1.6198   -0.0538   -0.0538
   40.1668   40.1668   80.9456   83.7541   38.6295   40.1866   40.1866

theta=0.00(0.28o) theta=0.01(0.51o) kalman
*********************91************************
--------------observations--------------
   -0.0434    1.5191    1.9608    3.0785   -1.6236   -0.0498
   40.0449   81.2062  105.2864   83.4001   38.6160   40.0951

------------ measurement prediction ----------
   -0.0444    1.5352    3.1027   -1.6075   -0.8596   -0.0585
   40.6473   78.3541   83.2913   42.0333   56.0620   40.7335

matches=7
--------------matches--------------
   -0.0434   -0.0434    1.5191    3.0785   -1.6236   -0.0498   -0.0498
   40.0449   40.0449   81.2062   83.4001   38.6160   40.0951   40.0951

theta=0.00(0.28o) theta=0.01(0.56o) kalman
*********************92************************
--------------observations--------------
   -0.0353    1.5293    3.0871   -1.6199   -0.0452
   40.1729   81.2768   83.9371   38.7227   40.0958

------------ measurement prediction ----------
   -0.0452    1.5343    3.1018   -1.6084   -0.8604   -0.0594
   40.5985   78.3490   83.3402   42.0385   56.0326   40.6847

matches=7
--------------matches--------------
   -0.0353   -0.0353    1.5293    3.0871   -1.6199   -0.0452   -0.0452
   40.1729   40.1729   81.2768   83.9371   38.7227   40.0958   40.0958

theta=0.00(0.28o) theta=0.01(0.55o) kalman
*********************93************************
--------------observations--------------
   -0.0353    1.5262    3.0786   -1.6218   -0.0647
   40.0675   80.6152   83.5366   38.5847   40.1718

------------ measurement prediction ----------
   -0.0449    1.5346    3.1021   -1.6080   -0.8601   -0.0591
   40.5547   78.3457   83.3840   42.0419   56.0052   40.6410

matches=7
--------------matches--------------
   -0.0353   -0.0353    1.5262    3.0786   -1.6218   -0.0647   -0.0647
   40.0675   40.0675   80.6152   83.5366   38.5847   40.1718   40.1718

theta=0.00(0.28o) theta=0.01(0.58o) kalman
*********************94************************
--------------observations--------------
   -0.0553    1.5304    3.0817   -1.6227   -0.0484
   40.0191   80.9787   83.5457   38.6797   40.0883

------------ measurement prediction ----------
   -0.0456    1.5340    3.1015   -1.6087   -0.8608   -0.0597
   40.5215   78.3376   83.4173   42.0500   55.9885   40.6079

matches=7
--------------matches--------------
   -0.0553   -0.0553    1.5304    3.0817   -1.6227   -0.0484   -0.0484
   40.0191   40.0191   80.9787   83.5457   38.6797   40.0883   40.0883

theta=0.00(0.28o) theta=0.01(0.61o) kalman
*********************95************************
--------------observations--------------
   -0.0662    0.2718    1.5259    3.0756   -1.6236   -0.0496
   40.0106   59.7077   80.6437   83.7199   38.6836   40.0938

------------ measurement prediction ----------
   -0.0461    1.5334    3.1010   -1.6092   -0.8613   -0.0603
   40.4894   78.3324   83.4494   42.0553   55.9706   40.5759

matches=7
--------------matches--------------
   -0.0662   -0.0662    1.5259    3.0756   -1.6236   -0.0496   -0.0496
   40.0106   40.0106   80.6437   83.7199   38.6836   40.0938   40.0938

theta=0.00(0.28o) theta=0.01(0.67o) kalman
*********************96************************
--------------observations--------------
   -0.0326    1.5376    3.0825   -1.6196   -0.0468
   40.1729   80.8878   83.8404   38.6957   40.0930

------------ measurement prediction ----------
   -0.0470    1.5325    3.1000   -1.6102   -0.8622   -0.0612
   40.4587   78.3252   83.4801   42.0625   55.9550   40.5453

matches=7
--------------matches--------------
   -0.0326   -0.0326    1.5376    3.0825   -1.6196   -0.0468   -0.0468
   40.1729   40.1729   80.8878   83.8404   38.6957   40.0930   40.0930

theta=0.00(0.28o) theta=0.01(0.64o) kalman
*********************97************************
--------------observations--------------
   -0.0663    0.2594    1.5199    3.0531   -1.6222   -0.0498
   39.9925   58.6842   80.9536   82.3449   38.6592   40.0962

------------ measurement prediction ----------
   -0.0466    1.5329    3.1005   -1.6097   -0.8618   -0.0607
   40.4358   78.3203   83.5031   42.0674   55.9429   40.5224

matches=7
--------------matches--------------
   -0.0663   -0.0663    1.5199    3.0531   -1.6222   -0.0498   -0.0498
   39.9925   39.9925   80.9536   82.3449   38.6592   40.0962   40.0962

theta=0.00(0.28o) theta=0.01(0.70o) kalman
*********************98************************
--------------observations--------------
   -0.0676    0.2188    1.5191    1.9915    3.0813   -1.6221   -0.0480
   39.9781   56.6922   81.0952  106.2703   83.4479   38.6148   40.0862

------------ measurement prediction ----------
   -0.0476    1.5319    3.0994   -1.6108   -0.8628   -0.0618
   40.4277   78.3154   83.5112   42.0723   55.9410   40.5144

matches=7
--------------matches--------------
   -0.0676   -0.0676    1.5191    3.0813   -1.6221   -0.0480   -0.0480
   39.9781   39.9781   81.0952   83.4479   38.6148   40.0862   40.0862

theta=0.00(0.28o) theta=0.01(0.73o) kalman
*********************99************************
--------------observations--------------
   -0.0331    1.5319    3.0835   -1.6187   -0.0474
   40.1730   81.0766   83.7191   38.6894   40.0987

------------ measurement prediction ----------
   -0.0482    1.5313    3.0988   -1.6113   -0.8634   -0.0624
   40.4081   78.3110   83.5308   42.0767   55.9309   40.4949

matches=7
--------------matches--------------
   -0.0331   -0.0331    1.5319    3.0835   -1.6187   -0.0474   -0.0474
   40.1730   40.1730   81.0766   83.7191   38.6894   40.0987   40.0987

theta=0.00(0.28o) theta=0.01(0.71o) kalman
*********************100************************
--------------observations--------------
   -0.0348    1.5198    3.0530   -1.6226   -0.0602
   40.0651   80.9549   82.3464   38.5802   40.0760

------------ measurement prediction ----------
   -0.0319    1.5476    3.1151   -1.5950   -0.8471   -0.0461
   40.3879   78.3072   83.5510   42.0805   55.9199   40.4747

matches=7
--------------matches--------------
   -0.0348   -0.0348    1.5198    3.0530   -1.6226   -0.0602   -0.0602
   40.0651   40.0651   80.9549   82.3464   38.5802   40.0760   40.0760

theta=-0.01(-0.64o) theta=0.00(0.16o) kalman
*********************101************************
--------------observations--------------
   -0.0104    1.5388    3.1020   -1.6099   -0.0416
   40.1967   79.7660   83.9605   38.9319   40.0971

------------ measurement prediction ----------
   -0.0041    1.5754   -3.1402   -1.5672   -0.8193   -0.0183
   40.3853   78.3023   83.5536   42.0855   55.9218   40.4723

matches=6
--------------matches--------------
   -0.0104   -0.0104    1.5388   -1.6099   -0.0416   -0.0416
   40.1967   40.1967   79.7660   38.9319   40.0971   40.0971

theta=-0.05(-2.59o) theta=-0.02(-1.18o) kalman
*********************102************************
--------------observations--------------
   -0.0027    0.3310    1.5867    3.1305   -1.5806   -0.0257
   40.0977   59.6075   80.8882   83.6402   38.9423   40.0982

------------ measurement prediction ----------
    0.0296    1.6091   -3.1065   -1.5335   -0.7856    0.0154
   40.3459   78.2930   83.5931   42.0948   55.9017   40.4329

matches=6
--------------matches--------------
   -0.0027   -0.0027    1.5867   -1.5806   -0.0257   -0.0257
   40.0977   40.0977   80.8882   38.9423   40.0982   40.0982

theta=-0.09(-5.14o) theta=-0.04(-2.57o) kalman
*********************103************************
--------------observations--------------
    0.0720    1.6355   -3.1123   -1.5399    0.0125
   40.0225   80.7246   83.8195   38.9432   40.1753

------------ measurement prediction ----------
    0.0624    1.6419   -3.0738   -1.5008   -0.7529    0.0482
   40.3202   78.2896   83.6188   42.0982   55.8868   40.4073

matches=7
--------------matches--------------
    0.0720    0.0720    1.6355   -3.1123   -1.5399    0.0125    0.0125
   40.0225   40.0225   80.7246   83.8195   38.9432   40.1753   40.1753

theta=-0.14(-8.17o) theta=-0.09(-4.89o) kalman
*********************104************************
--------------observations--------------
    0.1204    1.6881   -3.0547   -1.4873    0.0595
   39.9272   81.2209   83.8586   39.0039   40.2448

------------ measurement prediction ----------
    0.1033    1.6828   -3.0329   -1.4599   -0.7120    0.0891
   40.2879   78.2858   83.6511   42.1020   55.8676   40.3751

matches=7
--------------matches--------------
    0.1204    0.1204    1.6881   -3.0547   -1.4873    0.0595    0.0595
   39.9272   39.9272   81.2209   83.8586   39.0039   40.2448   40.2448

theta=-0.20(-11.23o) theta=-0.13(-7.58o) kalman
*********************105************************
--------------observations--------------
    0.1500    0.5639    1.7274    2.5674   -3.0069   -1.4368    0.1077
   40.0980   63.8361   81.2448  111.7976   83.9578   38.9863   40.3525

------------ measurement prediction ----------
    0.1536    1.7332   -2.9825   -1.4095   -0.6616    0.1395
   40.2669   78.2839   83.6722   42.1040   55.8547   40.3541

matches=7
--------------matches--------------
    0.1500    0.1500    1.7274   -3.0069   -1.4368    0.1077    0.1077
   40.0980   40.0980   81.2448   83.9578   38.9863   40.3525   40.3525

theta=-0.25(-14.47o) theta=-0.18(-10.15o) kalman
*********************106************************
--------------observations--------------
    0.2267    1.7951   -2.9456   -1.3780    0.1822
   39.8562   80.9731   83.8064   38.9105   40.1723

------------ measurement prediction ----------
    0.2103    1.7898   -2.9259   -1.3529   -0.6049    0.1961
   40.2397   78.2854   83.6993   42.1025   55.8352   40.3269

matches=7
--------------matches--------------
    0.2267    0.2267    1.7951   -2.9456   -1.3780    0.1822    0.1822
   39.8562   39.8562   80.9731   83.8064   38.9105   40.1723   40.1723

theta=-0.32(-18.40o) theta=-0.24(-13.88o) kalman
*********************107************************
--------------observations--------------
    0.2694    0.5614    1.8461   -2.9018   -1.3237    0.2194
   39.9081   57.7072   81.1202   85.0279   38.8559   40.3806

------------ measurement prediction ----------
    0.2499    1.8294   -2.8862   -1.3132   -0.5653    0.2357
   40.1981   78.2862   83.7409   42.1018   55.8063   40.2853

matches=7
--------------matches--------------
    0.2694    0.2694    1.8461   -2.9018   -1.3237    0.2194    0.2194
   39.9081   39.9081   81.1202   85.0279   38.8559   40.3806   40.3806

theta=-0.36(-20.86o) theta=-0.29(-16.33o) kalman
*********************108************************
--------------observations--------------
    0.3146    1.8876   -2.8599   -1.2782    0.2846
   39.9587   81.1325   83.9091   38.7770   40.3123

------------ measurement prediction ----------
    0.2711    1.8506   -2.8650   -1.2920   -0.5441    0.2570
   40.1207   78.2955   83.8183   42.0926   55.7470   40.2078

matches=7
--------------matches--------------
    0.3146    0.3146    1.8876   -2.8599   -1.2782    0.2846    0.2846
   39.9587   39.9587   81.1325   83.9091   38.7770   40.3123   40.3123

theta=-0.39(-22.09o) theta=-0.32(-18.40o) kalman
*********************109************************
--------------observations--------------
    0.3127    0.6377    1.8991   -2.8327   -1.2525    0.3090
   40.2695   58.9485   80.9013   83.4921   38.6262   40.4123

------------ measurement prediction ----------
    0.2824    1.8619   -2.8537   -1.2807   -0.5328    0.2683
   40.1063   78.2966   83.8327   42.0915   55.7364   40.1934

matches=7
--------------matches--------------
    0.3127    0.3127    1.8991   -2.8327   -1.2525    0.3090    0.3090
   40.2695   40.2695   80.9013   83.4921   38.6262   40.4123   40.4123

theta=-0.38(-21.90o) theta=-0.33(-18.90o) kalman
*********************110************************
--------------observations--------------
    0.3314    1.9033   -2.8351   -1.2495    0.3204
   40.2140   80.6593   83.8822   38.3455   40.3805

------------ measurement prediction ----------
    0.2612    1.8407   -2.8750   -1.3020   -0.5540    0.2470
   40.1394   78.2883   83.7996   42.0997   55.7648   40.2266

matches=4
--------------matches--------------
    0.3314   -2.8351    0.3204    0.3204
   40.2140   83.8822   40.3805   40.3805

theta=-0.35(-19.99o) theta=-0.32(-18.32o) kalman
*********************111************************
--------------observations--------------
    0.2916    1.8662   -2.8650   -1.2718    0.2820
   40.4750   80.6971   83.5333   38.2347   40.6788

------------ measurement prediction ----------
    0.2365    1.8161   -2.8996   -1.3266   -0.5787    0.2224
   40.1550   78.2857   83.7840   42.1023   55.7774   40.2423

matches=6
--------------matches--------------
    0.2916    0.2916    1.8662   -2.8650    0.2820    0.2820
   40.4750   40.4750   80.6971   83.5333   40.6788   40.6788

theta=-0.30(-17.25o) theta=-0.30(-17.35o) kalman
*********************112************************
--------------observations--------------
    0.2445    1.8195   -2.9163   -1.3205    0.2595
   40.5098   80.7515   83.9645   38.0723   40.3764

------------ measurement prediction ----------
    0.2119    1.7914   -2.9242   -1.3512   -0.6033    0.1977
   40.1953   78.2924   83.7437   42.0956   55.7999   40.2824

matches=6
--------------matches--------------
    0.2445    0.2445    1.8195   -2.9163    0.2595    0.2595
   40.5098   40.5098   80.7515   83.9645   40.3764   40.3764

theta=-0.25(-14.07o) theta=-0.27(-15.49o) kalman
*********************113************************
--------------observations--------------
    0.1969    1.7691   -2.9690   -1.3721    0.1898
   40.4326   80.5381   83.9144   38.0865   40.5108

------------ measurement prediction ----------
    0.1775    1.7571   -2.9586   -1.3856   -0.6377    0.1634
   40.2041   78.3043   83.7348   42.0836   55.7972   40.2911

matches=6
--------------matches--------------
    0.1969    0.1969    1.7691   -2.9690    0.1898    0.1898
   40.4326   40.4326   80.5381   83.9144   40.5108   40.5108

theta=-0.19(-10.78o) theta=-0.22(-12.75o) kalman
*********************114************************
--------------observations--------------
    0.1277    1.6960   -3.0600   -1.4346    0.1562
   40.4043   80.7615   83.0094   38.7547   40.2271

------------ measurement prediction ----------
    0.1280    1.7075   -3.0082   -1.4352   -0.6872    0.1138
   40.2333   78.3116   83.7056   42.0763   55.8118   40.3202

matches=7
--------------matches--------------
    0.1277    0.1277    1.6960   -3.0600   -1.4346    0.1562    0.1562
   40.4043   40.4043   80.7615   83.0094   38.7547   40.2271   40.2271

theta=-0.13(-7.38o) theta=-0.17(-9.48o) kalman
*********************115************************
--------------observations--------------
    0.0707    1.6471   -3.0856   -1.4873    0.0939
   40.2179   80.1836   83.4610   38.1865   40.2140

------------ measurement prediction ----------
    0.0693    1.6488   -3.0669   -1.4939   -0.7459    0.0551
   40.2897   78.2978   83.6492   42.0901   55.8601   40.3768

matches=7
--------------matches--------------
    0.0707    0.0707    1.6471   -3.0856   -1.4873    0.0939    0.0939
   40.2179   40.2179   80.1836   83.4610   38.1865   40.2140   40.2140

theta=-0.07(-3.90o) theta=-0.11(-6.36o) kalman
*********************116************************
--------------observations--------------
    0.0153    1.5913   -3.1347   -1.5422    0.0418
   40.2975   80.4913   83.5450   38.3390   40.1009

------------ measurement prediction ----------
    0.0174    1.5969   -3.1187   -1.5457   -0.7978    0.0033
   40.2953   78.2861   83.6438   42.1017   55.8723   40.3824

matches=7
--------------matches--------------
    0.0153    0.0153    1.5913   -3.1347   -1.5422    0.0418    0.0418
   40.2975   40.2975   80.4913   83.5450   38.3390   40.1009   40.1009

theta=-0.01(-0.57o) theta=-0.06(-3.32o) kalman
*********************117************************
--------------observations--------------
   -0.0510    1.5309    3.0901   -1.6025   -0.0220
   40.0303   80.6897   83.9413   38.2898   40.1964

------------ measurement prediction ----------
   -0.0338    1.5458    3.1133   -1.5969   -0.8490   -0.0479
   40.2954   78.2788   83.6437   42.1090   55.8777   40.3827

matches=7
--------------matches--------------
   -0.0510   -0.0510    1.5309    3.0901   -1.6025   -0.0220   -0.0220
   40.0303   40.0303   80.6897   83.9413   38.2898   40.1964   40.1964

theta=0.05(2.65o) theta=0.00(0.05o) kalman
*********************118************************
--------------observations--------------
   -0.0999    1.4700    3.0315   -1.6573   -0.0813
   39.8631   80.3453   83.2307   38.3080   40.0335

------------ measurement prediction ----------
   -0.0884    1.4911    3.0586   -1.6516   -0.9036   -0.1026
   40.2604   78.2758   83.6787   42.1121   55.8562   40.3477

matches=7
--------------matches--------------
   -0.0999   -0.0999    1.4700    3.0315   -1.6573   -0.0813   -0.0813
   39.8631   39.8631   80.3453   83.2307   38.3080   40.0335   40.0335

theta=0.10(5.64o) theta=0.06(3.22o) kalman
*********************119************************
--------------observations--------------
   -0.1587    1.4359    2.9858   -1.7024   -0.1215
   39.7648   80.7442   84.0308   38.4289   40.0247

------------ measurement prediction ----------
   -0.1427    1.4369    3.0044   -1.7058   -0.9579   -0.1568
   40.2485   78.2707   83.6907   42.1172   55.8517   40.3359

matches=7
--------------matches--------------
   -0.1587   -0.1587    1.4359    2.9858   -1.7024   -0.1215   -0.1215
   39.7648   39.7648   80.7442   84.0308   38.4289   40.0247   40.0247

theta=0.15(8.57o) theta=0.11(6.03o) kalman
*********************120************************
--------------observations--------------
   -0.2207    0.0293    1.3776    2.9362   -1.7570   -0.1813
   39.5634   54.8597   80.4688   83.2319   38.4180   39.9188

------------ measurement prediction ----------
   -0.1903    1.3893    2.9568   -1.7534   -1.0055   -0.2044
   40.2064   78.2715   83.7327   42.1165   55.8227   40.2938

matches=7
--------------matches--------------
   -0.2207   -0.2207    1.3776    2.9362   -1.7570   -0.1813   -0.1813
   39.5634   39.5634   80.4688   83.2319   38.4180   39.9188   39.9188

theta=0.20(11.42o) theta=0.16(9.13o) kalman
*********************121************************
--------------observations--------------
   -0.2484    1.3287    2.8858   -1.8054   -0.2197
   39.6433   80.5685   83.2354   38.3567   40.0184

------------ measurement prediction ----------
   -0.2418    1.3377    2.9052   -1.8049   -1.0570   -0.2560
   40.1852   78.2706   83.7539   42.1173   55.8089   40.2727

matches=7
--------------matches--------------
   -0.2484   -0.2484    1.3287    2.8858   -1.8054   -0.2197   -0.2197
   39.6433   39.6433   80.5685   83.2354   38.3567   40.0184   40.0184

theta=0.25(14.11o) theta=0.20(11.67o) kalman
*********************122************************
--------------observations--------------
   -0.2990    1.2876    2.8416   -1.8533   -0.2738
   39.5935   80.4999   83.5457   38.7789   39.9535

------------ measurement prediction ----------
   -0.2891    1.2904    2.8580   -1.8522   -1.1043   -0.3033
   40.1671   78.2662   83.7721   42.1218   55.7998   40.2546

matches=7
--------------matches--------------
   -0.2990   -0.2990    1.2876    2.8416   -1.8533   -0.2738   -0.2738
   39.5935   39.5935   80.4999   83.5457   38.7789   39.9535   39.9535

theta=0.30(16.98o) theta=0.25(14.44o) kalman
*********************123************************
--------------observations--------------
   -0.3475    1.2403    2.7915   -1.9009   -0.3183
   39.5330   80.4340   83.3513   38.8813   39.8694

------------ measurement prediction ----------
   -0.3374    1.2421    2.8097   -1.9005   -1.1526   -0.3516
   40.1224   78.2592   83.8168   42.1288   55.7745   40.2100

matches=7
--------------matches--------------
   -0.3475   -0.3475    1.2403    2.7915   -1.9009   -0.3183   -0.3183
   39.5330   39.5330   80.4340   83.3513   38.8813   39.8694   39.8694

theta=0.35(19.84o) theta=0.30(17.17o) kalman
*********************124************************
--------------observations--------------
   -0.3985    1.1922    2.7463   -1.9478   -0.3720
   39.3356   80.3432   83.5486   38.7819   39.7751

------------ measurement prediction ----------
   -0.3932    1.1863    2.7539   -1.9563   -1.2084   -0.4074
   40.0625   78.2440   83.8768   42.1441   55.7449   40.1503

matches=7
--------------matches--------------
   -0.3985   -0.3985    1.1922    2.7463   -1.9478   -0.3720   -0.3720
   39.3356   39.3356   80.3432   83.5486   38.7819   39.7751   39.7751

theta=0.40(23.17o) theta=0.35(20.14o) kalman
*********************125************************
--------------observations--------------
   -0.3960   -0.4375    1.1364    2.6984   -1.9982   -0.4037
   40.1454   40.5410   80.5176   83.7398   38.7086   40.0035

------------ measurement prediction ----------
   -0.4358    1.1437    2.7112   -1.9990   -1.2511   -0.4500
   39.9775   78.2190   83.9619   42.1692   55.7053   40.0657

matches=9
--------------matches--------------
   -0.3960   -0.3960   -0.4375   -0.4375    1.1364    2.6984   -1.9982   -0.4037   -0.4037
   40.1454   40.1454   40.5410   40.5410   80.5176   83.7398   38.7086   40.0035   40.0035

theta=0.45(25.97o) theta=0.39(22.23o) kalman
*********************126************************
--------------observations--------------
   -0.4563   -0.4932    1.0908    2.6473   -2.0412   -0.4577
   39.8470   40.0352   80.7621   83.8927   38.8418   39.9051

------------ measurement prediction ----------
   -0.4726    1.1069    2.6744   -2.0358   -1.2879   -0.4868
   40.0060   78.2124   83.9334   42.1757   55.7295   40.0943

matches=9
--------------matches--------------
   -0.4563   -0.4563   -0.4932   -0.4932    1.0908    2.6473   -2.0412   -0.4577   -0.4577
   39.8470   39.8470   40.0352   40.0352   80.7621   83.8927   38.8418   39.9051   39.9051

theta=0.50(28.80o) theta=0.44(24.99o) kalman
*********************127************************
--------------observations--------------
   -0.4993   -0.5396    1.0353    2.6033   -2.0878   -0.5039
   39.8857   40.1280   80.8807   83.5042   38.8513   39.7992

------------ measurement prediction ----------
   -0.5193    1.0602    2.6278   -2.0824   -1.3345   -0.5334
   39.9745   78.1975   83.9650   42.1907   55.7190   40.0630

matches=9
--------------matches--------------
   -0.4993   -0.4993   -0.5396   -0.5396    1.0353    2.6033   -2.0878   -0.5039   -0.5039
   39.8857   39.8857   40.1280   40.1280   80.8807   83.5042   38.8513   39.7992   39.7992

theta=0.55(31.53o) theta=0.48(27.65o) kalman
*********************128************************
--------------observations--------------
   -0.5487   -0.5852    0.9889    2.5554   -2.1391   -0.5549
   39.8037   40.1014   80.6559   83.7392   38.5512   39.6444

------------ measurement prediction ----------
   -0.5672    1.0123    2.5798   -2.1304   -1.3824   -0.5814
   39.9641   78.1879   83.9755   42.2003   55.7188   40.0527

matches=9
--------------matches--------------
   -0.5487   -0.5487   -0.5852   -0.5852    0.9889    2.5554   -2.1391   -0.5549   -0.5549
   39.8037   39.8037   40.1014   40.1014   80.6559   83.7392   38.5512   39.6444   39.6444

theta=0.60(34.36o) theta=0.53(30.42o) kalman
*********************129************************
--------------observations--------------
   -0.6151   -0.6412    0.9457    2.5211   -2.1833   -0.5924
   39.1324   39.4653   80.3121   83.9179   38.6944   39.8381

------------ measurement prediction ----------
   -0.6153    0.9643    2.5318   -2.1784   -1.4305   -0.6294
   39.9244   78.1620   84.0153   42.2262   55.7107   40.0134

matches=9
--------------matches--------------
   -0.6151   -0.6151   -0.6412   -0.6412    0.9457    2.5211   -2.1833   -0.5924   -0.5924
   39.1324   39.1324   39.4653   39.4653   80.3121   83.9179   38.6944   39.8381   39.8381

theta=0.65(37.16o) theta=0.58(33.21o) kalman
*********************130************************
--------------observations--------------
   -0.6311   -0.6720    0.9064    2.4692   -2.2254   -0.6338
   40.0366   40.4450   80.6672   84.1837   38.9349   39.9071

------------ measurement prediction ----------
   -0.6647    0.9148    2.4823   -2.2278   -1.4799   -0.6789
   39.8246   78.1091   84.1154   42.2792   55.6815   39.9144

matches=9
--------------matches--------------
   -0.6311   -0.6311   -0.6720   -0.6720    0.9064    2.4692   -2.2254   -0.6338   -0.6338
   40.0366   40.0366   40.4450   40.4450   80.6672   84.1837   38.9349   39.9071   39.9071

theta=0.70(40.00o) theta=0.62(35.47o) kalman
*********************131************************
--------------observations--------------
   -0.6845   -0.7142    0.8603    2.4171   -2.2704   -0.6804
   39.6872   40.6594   80.4925   83.8342   38.9076   39.9077

------------ measurement prediction ----------
   -0.7045    0.8750    2.4426   -2.2676   -1.5197   -0.7186
   39.8520   78.1126   84.0880   42.2757   55.6975   39.9418

matches=9
--------------matches--------------
   -0.6845   -0.6845   -0.7142   -0.7142    0.8603    2.4171   -2.2704   -0.6804   -0.6804
   39.6872   39.6872   40.6594   40.6594   80.4925   83.8342   38.9076   39.9077   39.9077

theta=0.75(42.87o) theta=0.66(38.05o) kalman
*********************132************************
--------------observations--------------
   -0.7246   -0.7642    0.8032    2.3650   -2.3178   -0.7324
   40.0381   40.5218   80.5021   84.1382   38.9419   39.7364

------------ measurement prediction ----------
   -0.7472    0.8323    2.3999   -2.3103   -1.5624   -0.7613
   39.8790   78.1177   84.0609   42.2706   55.7122   39.9687

matches=9
--------------matches--------------
   -0.7246   -0.7246   -0.7642   -0.7642    0.8032    2.3650   -2.3178   -0.7324   -0.7324
   40.0381   40.0381   40.5218   40.5218   80.5021   84.1382   38.9419   39.7364   39.7364

theta=0.80(45.60o) theta=0.71(40.73o) kalman
*********************133************************
--------------observations--------------
   -0.7722   -0.7934    0.7586    2.3166   -2.3627   -0.7783
   39.9771   41.5244   80.7045   83.5284   38.9168   39.7188

------------ measurement prediction ----------
   -0.7934    0.7862    2.3537   -2.3565   -1.6086   -0.8075
   39.8868   78.1107   84.0532   42.2775   55.7225   39.9765

matches=9
--------------matches--------------
   -0.7722   -0.7722   -0.7934   -0.7934    0.7586    2.3166   -2.3627   -0.7783   -0.7783
   39.9771   39.9771   41.5244   41.5244   80.7045   83.5284   38.9168   39.7188   39.7188

theta=0.84(48.30o) theta=0.75(43.24o) kalman
*********************134************************
--------------observations--------------
   -0.8277   -0.8157    0.7106    2.2716   -2.4133   -0.8266
   39.4374   43.0795   80.2342   83.7945   38.7207   39.5349

------------ measurement prediction ----------
   -0.8361    0.7435    2.3110   -2.3992   -1.6513   -0.8502
   39.9553   78.1424   83.9845   42.2458   55.7460   40.0446

matches=9
--------------matches--------------
   -0.8277   -0.8277   -0.8157   -0.8157    0.7106    2.2716   -2.4133   -0.8266   -0.8266
   39.4374   39.4374   43.0795   43.0795   80.2342   83.7945   38.7207   39.5349   39.5349

theta=0.89(50.93o) theta=0.80(45.74o) kalman
*********************135************************
--------------observations--------------
   -0.8765   -0.9289    0.6663    2.2429   -2.4600   -0.8742
   39.2042   38.1793   80.2817   84.1890   38.6005   39.3584

------------ measurement prediction ----------
   -0.8796    0.6999    2.2674   -2.4428   -1.6948   -0.8938
   40.0374   78.1815   83.9022   42.2066   55.7733   40.1261

matches=9
--------------matches--------------
   -0.8765   -0.8765   -0.9289   -0.9289    0.6663    2.2429   -2.4600   -0.8742   -0.8742
   39.2042   39.2042   38.1793   38.1793   80.2817   84.1890   38.6005   39.3584   39.3584

theta=0.93(53.56o) theta=0.85(48.85o) kalman
*********************136************************
--------------observations--------------
   -0.8933    0.6247    2.1883   -2.4911   -0.9078
   40.4476   80.8375   84.3023   39.0058   39.7491

------------ measurement prediction ----------
   -0.9350    0.6445    2.2121   -2.4981   -1.7502   -0.9492
   39.8638   78.0489   84.0765   42.3394   55.7519   39.9545

matches=7
--------------matches--------------
   -0.8933   -0.8933    0.6247    2.1883   -2.4911   -0.9078   -0.9078
   40.4476   40.4476   80.8375   84.3023   39.0058   39.7491   39.7491

theta=0.98(56.26o) theta=0.89(50.91o) kalman
*********************137************************
--------------observations--------------
   -0.9536    0.5814    2.1492   -2.5425   -0.9502
   39.5958   80.9963   84.2874   39.6335   39.7995

------------ measurement prediction ----------
   -0.9717    0.6079    2.1754   -2.5348   -1.7869   -0.9858
   39.8687   78.0473   84.0716   42.3409   55.7564   39.9594

matches=7
--------------matches--------------
   -0.9536   -0.9536    0.5814    2.1492   -2.5425   -0.9502   -0.9502
   39.5958   39.5958   80.9963   84.2874   39.6335   39.7995   39.7995

theta=1.03(58.99o) theta=0.93(53.41o) kalman
*********************138************************
--------------observations--------------
   -1.0009    0.5346    2.0904   -2.5845   -0.9979
   39.4399   80.5278   83.4249   38.8105   39.5976

------------ measurement prediction ----------
   -1.0231    0.5565    2.1240   -2.5862   -1.8383   -1.0372
   39.8446   78.0272   84.0959   42.3611   55.7546   39.9355

matches=7
--------------matches--------------
   -1.0009   -1.0009    0.5346    2.0904   -2.5845   -0.9979   -0.9979
   39.4399   39.4399   80.5278   83.4249   38.8105   39.5976   39.5976

theta=1.09(62.18o) theta=0.98(56.23o) kalman
*********************139************************
--------------observations--------------
   -1.0588    0.4970    2.0538   -2.6351   -1.0429
   38.4458   80.9535   84.0675   38.5956   39.5260

------------ measurement prediction ----------
   -1.0630    0.5165    2.0840   -2.6262   -1.8782   -1.0772
   39.8125   77.9880   84.1282   42.4004   55.7614   39.9040

matches=7
--------------matches--------------
   -1.0588   -1.0588    0.4970    2.0538   -2.6351   -1.0429   -1.0429
   38.4458   38.4458   80.9535   84.0675   38.5956   39.5260   39.5260

theta=1.13(64.83o) theta=1.03(58.79o) kalman
*********************140************************
--------------observations--------------
    0.3323    0.4606    2.0194   -2.6723   -1.0876
   85.0857   80.8557   84.9306   38.6774   39.4658

------------ measurement prediction ----------
   -1.1099    0.4696    2.0371   -2.6731   -1.9251   -1.1241
   39.7286   77.8982   84.2126   42.4903   55.7697   39.8214

matches=5
--------------matches--------------
    0.4606    2.0194   -2.6723   -1.0876   -1.0876
   80.8557   84.9306   38.6774   39.4658   39.4658

theta=1.18(67.61o) theta=1.07(61.36o) kalman
*********************141************************
--------------observations--------------
    0.3433    0.4065    2.1738    1.9755   -2.7102   -1.1280
   83.5248   80.8455   67.4348   84.0194   39.1773   39.9103

------------ measurement prediction ----------
   -1.1567    0.4228    1.9903   -2.7199   -1.9719   -1.1709
   39.6785   77.8272   84.2631   42.5613   55.7874   39.7723

matches=5
--------------matches--------------
    0.4065    1.9755   -2.7102   -1.1280   -1.1280
   80.8455   84.0194   39.1773   39.9103   39.9103

theta=1.23(70.50o) theta=1.12(63.92o) kalman
*********************142************************
--------------observations--------------
    0.3873    0.3599    1.9203   -2.7643   -1.1766
   81.4322   80.6935   83.9133   39.1595   39.8086

------------ measurement prediction ----------
   -1.2025    0.3770    1.9445   -2.7657   -2.0177   -1.2167
   39.6816   77.8222   84.2600   42.5663   55.7931   39.7755

matches=6
--------------matches--------------
    0.3873    0.3599    1.9203   -2.7643   -1.1766   -1.1766
   81.4322   80.6935   83.9133   39.1595   39.8086   39.8086

theta=1.28(73.44o) theta=1.16(66.66o) kalman
*********************143************************
--------------observations--------------
    0.3228    1.8595   -2.8160   -1.2258    0.3678
   81.8606   83.3250   39.0436   39.8830   80.4450

------------ measurement prediction ----------
   -1.2502    0.3293    1.8968   -2.8134   -2.0655   -1.2644
   39.7458   77.9420   84.1951   42.4464   55.7495   39.8380

matches=6
--------------matches--------------
    0.3228    1.8595   -2.8160   -1.2258   -1.2258    0.3678
   81.8606   83.3250   39.0436   39.8830   39.8830   80.4450

theta=1.33(76.39o) theta=1.21(69.29o) kalman
*********************144************************
--------------observations--------------
    0.2679    1.8090   -2.8671   -1.2793    0.3115
   81.6132   83.6343   38.9681   39.6505   80.6585

------------ measurement prediction ----------
   -1.2958    0.2838    1.8513   -2.8589   -2.1110   -1.3099
   39.8143   78.0684   84.1260   42.3200   55.7041   39.9046

matches=6
--------------matches--------------
    0.2679    1.8090   -2.8671   -1.2793   -1.2793    0.3115
   81.6132   83.6343   38.9681   39.6505   39.6505   80.6585
